2.000000000000000111e-01 1.072979439245423494e+00
3.000000000000000444e-01 6.919970094089088475e-01
4.000000000000000777e-01 4.675991430154441408e-02
5.000000000000001110e-01 -1.234496136522991838e+00
6.000000000000000888e-01 -1.255417916404897305e+00
7.000000000000001776e-01 -6.650434222331246259e-01
8.000000000000002665e-01 -9.383228551960922648e-01
9.000000000000001332e-01 -1.366298939065505813e+00
1.000000000000000222e+00 2.133597113653864508e-01
1.100000000000000311e+00 5.110949942348470554e-01
1.200000000000000400e+00 2.535980843255572381e+00
1.300000000000000266e+00 1.209318359993734937e+00
1.400000000000000355e+00 9.647342681600359349e-01
1.500000000000000444e+00 2.963828447972158830e+00
1.600000000000000311e+00 2.953813095235144903e+00
1.700000000000000400e+00 3.719970951155542327e+00
1.800000000000000488e+00 2.198383106153416922e+00
1.900000000000000577e+00 2.827376999337522179e+00
2.000000000000000888e+00 -3.270966089204306870e-01
2.100000000000000533e+00 1.238682507872414185e+00
2.200000000000001066e+00 -3.242074461679667063e+00
2.300000000000000711e+00 -3.710967632711478892e+00
2.400000000000000799e+00 -5.243524356521129803e+00
2.500000000000000888e+00 -1.323072109574593203e+00
2.600000000000000977e+00 -3.250363922436606323e+00
2.700000000000001066e+00 -2.340492323103159578e+00
2.800000000000001155e+00 4.004689437147361808e-01
2.900000000000001243e+00 3.518657257535470873e+00
3.000000000000000888e+00 4.429990708083601625e+00
3.100000000000000977e+00 5.720163375987473486e+00
3.200000000000001066e+00 7.031858105687652127e+00
3.300000000000001155e+00 7.314105806231498086e+00
3.400000000000001243e+00 3.866568653072695483e+00
3.500000000000001332e+00 9.261874075138191165e-01
3.600000000000001421e+00 -1.099664633153827120e+00
3.700000000000001510e+00 -6.118772146015456492e+00
3.800000000000001599e+00 -6.434924310539019032e+00
3.900000000000001243e+00 -8.043341873534602726e+00
