2.000000000000000111e-01 1.995082993161055862e-01
4.000000000000000222e-01 1.357506997440121599e-01
6.000000000000000888e-01 -1.156366945272647939e+00
8.000000000000000444e-01 -1.754290302300912652e-01
1.000000000000000000e+00 -7.209239796803490474e-01
1.199999999999999956e+00 1.732248550527733411e+00
1.400000000000000133e+00 2.949583576767484061e+00
1.600000000000000089e+00 3.035393004281764284e+00
1.800000000000000044e+00 2.943327589522093835e+00
2.000000000000000000e+00 7.893275869376559228e-01
2.200000000000000178e+00 -3.265599248707884428e+00
2.400000000000000355e+00 -2.279173249498222642e+00
2.600000000000000533e+00 -4.176937275104167568e+00
2.800000000000000266e+00 6.143195778047626510e-01
3.000000000000000444e+00 3.355811126607510353e+00
3.200000000000000178e+00 5.827568466756337884e+00
3.400000000000000355e+00 1.482266685805743389e+00
3.600000000000000533e+00 -2.263660615975754187e+00
3.800000000000000266e+00 -7.288216858859949632e+00
