1.000000000000000021e-02 1.212387347670332016e-01
2.000000000000000042e-02 2.047176514246412671e-01
2.999999999999999889e-02 1.665162205065874534e+00
4.000000000000000083e-02 1.839950569831758642e-01
5.000000000000000278e-02 -3.315662043159637307e-01
6.000000000000000472e-02 -7.223442295326981677e-02
6.999999999999999278e-02 3.418242191649256689e-01
8.000000000000000167e-02 1.586410295078081401e+00
8.999999999999999667e-02 -7.002185641355445078e-01
9.999999999999999167e-02 -8.685768455741549321e-02
1.100000000000000006e-01 2.037726925052246507e+00
1.199999999999999956e-01 -3.869953589644235525e-01
1.300000000000000044e-01 -1.766264755251380603e+00
1.400000000000000133e-01 4.951260886558017105e-01
1.500000000000000222e-01 -8.193372190039730496e-01
1.600000000000000033e-01 -5.726128432740840157e-02
1.700000000000000122e-01 -2.815479124548684320e-01
1.800000000000000211e-01 2.068697064214729764e+00
1.900000000000000022e-01 1.354121148423023113e+00
2.000000000000000111e-01 9.082456994430176955e-01
2.100000000000000200e-01 5.704603662287590637e-01
2.200000000000000011e-01 6.188794109258934917e-01
2.300000000000000100e-01 -1.985094584566047260e-01
2.400000000000000189e-01 -3.356539862981272604e-01
2.500000000000000000e-01 4.923209111411268046e-01
2.600000000000000089e-01 1.176735737272999183e+00
2.700000000000000178e-01 1.132219112180793630e+00
2.800000000000000266e-01 1.744706630710668227e+00
2.900000000000000355e-01 6.342817381376071317e-01
2.999999999999999889e-01 1.051648527071564310e+00
3.099999999999999978e-01 1.152284161313357425e+00
3.200000000000000067e-01 1.128127324387541375e+00
3.300000000000000155e-01 -8.655093619873506228e-01
3.400000000000000244e-01 2.344052045295878184e+00
3.500000000000000333e-01 1.576311738903970694e+00
3.600000000000000422e-01 9.441001966170055049e-01
3.699999999999999956e-01 -2.261914389185168406e-01
3.800000000000000044e-01 2.604606243958455525e-01
3.900000000000000133e-01 1.156717606792224684e+00
4.000000000000000222e-01 -3.025147226142863577e-01
4.100000000000000311e-01 -4.013756406934820831e-01
4.200000000000000400e-01 6.217512126351374402e-01
4.299999999999999933e-01 1.470943052698787668e-01
4.400000000000000022e-01 1.612099786879609642e+00
4.500000000000000111e-01 1.046441961419133648e-01
4.600000000000000200e-01 6.186127224070085973e-01
4.700000000000000289e-01 5.690948455996477917e-02
4.800000000000000377e-01 2.887261483360871184e-01
4.899999999999999911e-01 -1.017796476503820990e+00
5.000000000000000000e-01 4.665043686799769107e-01
5.100000000000000089e-01 1.847314586569284600e+00
5.200000000000000178e-01 -6.910396887972348745e-01
5.300000000000000266e-01 -1.416182777679705573e+00
5.400000000000000355e-01 -1.443378122044822520e+00
5.500000000000000444e-01 -3.404582574710652842e-01
5.600000000000000533e-01 -9.539911731419824514e-01
5.700000000000000622e-01 -2.632830213002053110e+00
5.800000000000000711e-01 3.160452727089624325e-02
5.899999999999999689e-01 -4.996201847712615218e-01
5.999999999999999778e-01 -1.632783744143916138e+00
6.099999999999999867e-01 4.721615333095264821e-01
6.199999999999999956e-01 -6.927840764058024181e-02
6.300000000000000044e-01 -2.431532874878984174e+00
6.400000000000000133e-01 5.545211386778585716e-01
6.500000000000000222e-01 4.769830537750018307e-01
6.600000000000000311e-01 -9.053584082790542276e-01
6.700000000000000400e-01 -1.374711036521202745e+00
6.800000000000000488e-01 4.987400427100076028e-01
6.900000000000000577e-01 7.011960372107884920e-01
7.000000000000000666e-01 -5.762633705822438612e-01
7.100000000000000755e-01 -8.907475442195201820e-01
7.199999999999999734e-01 -1.049113612598686185e+00
7.299999999999999822e-01 -1.091158751530523663e+00
7.399999999999999911e-01 -1.109023424532511903e+00
7.500000000000000000e-01 -5.998095433492237616e-01
7.600000000000000089e-01 -1.652292101468072261e+00
7.700000000000000178e-01 -1.518990344545765758e+00
7.800000000000000266e-01 -8.753235156715829524e-01
7.900000000000000355e-01 -1.249635418058253400e+00
8.000000000000000444e-01 -1.528434077760800314e+00
8.100000000000000533e-01 -1.626905154776557616e+00
8.200000000000000622e-01 -1.126034823328467604e+00
8.300000000000000711e-01 -6.322825057829501993e-01
8.400000000000000799e-01 3.037121406919623956e-01
8.499999999999999778e-01 -3.026645832326367858e-01
8.599999999999999867e-01 -9.448336013264422295e-01
8.699999999999999956e-01 -1.707220306910555152e+00
8.800000000000000044e-01 -1.095638109496718027e+00
8.900000000000000133e-01 4.728309858516728248e-01
9.000000000000000222e-01 -1.131319175604889704e+00
9.100000000000000311e-01 6.478276720514841713e-02
9.200000000000000400e-01 -1.513034549273920781e+00
9.300000000000000488e-01 -4.688390433205471552e-01
9.400000000000000577e-01 -5.662573356895009846e-01
9.500000000000000666e-01 -1.304086648252239522e-01
9.600000000000000755e-01 4.979416833302736656e-01
9.699999999999999734e-01 -7.437396380974127252e-01
9.799999999999999822e-01 -4.171018769261963799e-01
9.899999999999999911e-01 -1.054205520621824821e+00
1.000000000000000000e+00 -2.318455183306750378e+00
1.010000000000000009e+00 2.269560880276364045e+00
1.020000000000000018e+00 3.466887167646276469e-01
1.030000000000000027e+00 9.070897108527603558e-02
1.040000000000000036e+00 1.226621398690712628e+00
1.050000000000000044e+00 2.757358503011231310e-03
1.060000000000000053e+00 -5.195791149208568438e-01
1.070000000000000062e+00 3.819981682450842575e-01
1.080000000000000071e+00 4.897884217617641811e-01
1.090000000000000080e+00 7.142683508125409197e-01
1.100000000000000089e+00 5.055730451256651437e-01
1.110000000000000098e+00 -8.254825572846778980e-01
1.120000000000000107e+00 4.621788248702344282e-01
1.130000000000000115e+00 9.881538945248807826e-01
1.140000000000000124e+00 -6.846207071746293060e-01
1.150000000000000133e+00 2.253412315970315216e+00
1.160000000000000142e+00 -3.113688746711026356e-01
1.169999999999999929e+00 2.004950906338946570e+00
1.179999999999999938e+00 1.900483376079064479e+00
1.189999999999999947e+00 1.454128117008866461e+00
1.199999999999999956e+00 2.263381512010068874e+00
1.209999999999999964e+00 5.864922006628201512e-01
1.219999999999999973e+00 2.144035159864396967e+00
1.229999999999999982e+00 2.758814734190164319e+00
1.239999999999999991e+00 3.362846538023549048e+00
1.250000000000000000e+00 2.100724233835663757e+00
1.260000000000000009e+00 1.903344164253276016e+00
1.270000000000000018e+00 1.895610391005508433e+00
1.280000000000000027e+00 2.366682497844635691e+00
1.290000000000000036e+00 1.375895963390513010e+00
1.300000000000000044e+00 3.020230338623800748e+00
1.310000000000000053e+00 1.452375786392756218e+00
1.320000000000000062e+00 1.985138631387048713e+00
1.330000000000000071e+00 3.227444730186885824e+00
1.340000000000000080e+00 1.736539615853325724e+00
1.350000000000000089e+00 4.567546362775678936e+00
1.360000000000000098e+00 1.882447167361567253e+00
1.370000000000000107e+00 2.038844518524004279e+00
1.380000000000000115e+00 3.854662553560863181e+00
1.390000000000000124e+00 3.286523651662343504e+00
1.400000000000000133e+00 2.529204958725935981e+00
1.410000000000000142e+00 1.921520018810811692e+00
1.419999999999999929e+00 3.071748287473618166e+00
1.429999999999999938e+00 2.840641765568692634e+00
1.439999999999999947e+00 3.410918861489555365e+00
1.449999999999999956e+00 4.506999686289489659e+00
1.459999999999999964e+00 3.458862204383700512e+00
1.469999999999999973e+00 4.205180754964736423e+00
1.479999999999999982e+00 5.098361000234215012e+00
1.489999999999999991e+00 3.222165088776119291e+00
1.500000000000000000e+00 4.916112113548676277e+00
1.510000000000000009e+00 3.333314491098445131e+00
1.520000000000000018e+00 5.975117039051617951e+00
1.530000000000000027e+00 2.392587960125623248e+00
1.540000000000000036e+00 4.870468610208365412e+00
1.550000000000000044e+00 4.112780633100597605e+00
1.560000000000000053e+00 2.973741818972926776e+00
1.570000000000000062e+00 3.368408064746555297e+00
1.580000000000000071e+00 3.985211148011061688e+00
1.590000000000000080e+00 3.928415122866162790e+00
1.600000000000000089e+00 3.904293300774876130e+00
1.610000000000000098e+00 3.362072957216409197e+00
1.620000000000000107e+00 4.116214570430302366e+00
1.630000000000000115e+00 2.776401891095607422e+00
1.640000000000000124e+00 2.978800814911823913e+00
1.650000000000000133e+00 4.745253180424055195e+00
1.660000000000000142e+00 3.017773298400905801e+00
1.670000000000000151e+00 3.962543101068667362e+00
1.679999999999999938e+00 5.082049233554532641e+00
1.689999999999999947e+00 4.689306142486820761e+00
1.699999999999999956e+00 5.164379416931634381e+00
1.709999999999999964e+00 4.813015699646884471e+00
1.719999999999999973e+00 4.188446661277613892e+00
1.729999999999999982e+00 5.360657478167583534e+00
1.739999999999999991e+00 4.097477313264994869e+00
1.750000000000000000e+00 1.656991263228964506e+00
1.760000000000000009e+00 4.949655473459407595e+00
1.770000000000000018e+00 5.231785711973380160e+00
1.780000000000000027e+00 3.663963976745177487e+00
1.790000000000000036e+00 2.992574247001484444e+00
1.800000000000000044e+00 3.533427737274807967e+00
1.810000000000000053e+00 4.240196208146990386e+00
1.820000000000000062e+00 2.992641965264088100e+00
1.830000000000000071e+00 3.962274734364974904e+00
1.840000000000000080e+00 2.790071438034594120e+00
1.850000000000000089e+00 2.388958254062359288e+00
1.860000000000000098e+00 2.446848314874614072e+00
1.870000000000000107e+00 1.511431323914778302e+00
1.880000000000000115e+00 1.632299901703214040e+00
1.890000000000000124e+00 1.150983872398888996e+00
1.900000000000000133e+00 2.028460494616899812e+00
1.910000000000000142e+00 3.613910293959045283e+00
1.920000000000000151e+00 2.505039018758851377e+00
1.929999999999999938e+00 -9.559835803080458660e-01
1.939999999999999947e+00 1.567337449753840151e+00
1.949999999999999956e+00 1.211334261818571623e+00
1.959999999999999964e+00 2.904352929583220000e+00
1.969999999999999973e+00 1.078155533010219935e+00
1.979999999999999982e+00 2.034951736533368027e+00
1.989999999999999991e+00 1.383753474160885677e+00
2.000000000000000000e+00 -5.180509551031363680e-01
2.009999999999999787e+00 5.340607299185147205e-01
2.020000000000000018e+00 2.388202776213864953e-01
2.029999999999999805e+00 9.018978104164767640e-01
2.040000000000000036e+00 -3.133890998829333974e-01
2.049999999999999822e+00 -2.345114629067289069e+00
2.059999999999999609e+00 6.993641294504298056e-01
2.069999999999999840e+00 -1.327393808879008930e+00
2.079999999999999627e+00 -2.914783889523233640e-01
2.089999999999999858e+00 -1.548654823420497539e+00
2.099999999999999645e+00 -9.241198549321216760e-01
2.109999999999999876e+00 -1.195692708091293355e+00
2.119999999999999662e+00 -2.727960159428994835e+00
2.129999999999999893e+00 -1.926584607473515121e+00
2.139999999999999680e+00 -2.910563104172287474e+00
2.149999999999999911e+00 -1.700476980501695268e+00
2.159999999999999698e+00 -7.972011224766053505e-01
2.169999999999999929e+00 -2.113919450526933197e+00
2.179999999999999716e+00 -8.066640302169640897e-01
2.189999999999999947e+00 -5.297397913588466345e-01
2.199999999999999734e+00 -1.176294131360546613e+00
2.209999999999999964e+00 -2.084477046627479790e+00
2.219999999999999751e+00 -3.611344845562299621e+00
2.229999999999999982e+00 -3.003108021211766232e+00
2.239999999999999769e+00 -1.322289936948122691e+00
2.250000000000000000e+00 -3.677991789603172634e+00
2.259999999999999787e+00 -3.939380263112265634e+00
2.270000000000000018e+00 -4.286670342368839037e+00
2.279999999999999805e+00 -4.494701043537817853e+00
2.290000000000000036e+00 -3.448527022723331559e+00
2.299999999999999822e+00 -3.470708539096708733e+00
2.310000000000000053e+00 -2.334441343476303832e+00
2.319999999999999840e+00 -3.167375263854967926e+00
2.329999999999999627e+00 -5.002125072332038513e+00
2.339999999999999858e+00 -4.568748507711140050e+00
2.349999999999999645e+00 -5.242004901583333876e+00
2.359999999999999876e+00 -4.004815790017294042e+00
2.369999999999999662e+00 -4.304035631746501167e+00
2.379999999999999893e+00 -3.640513067035829664e+00
2.389999999999999680e+00 -5.643788140344223159e+00
2.399999999999999911e+00 -3.096471186211627202e+00
2.409999999999999698e+00 -3.799699783214631754e+00
2.419999999999999929e+00 -6.391329365201125157e+00
2.429999999999999716e+00 -5.553202966414987785e+00
2.439999999999999947e+00 -3.089209833292874130e+00
2.449999999999999734e+00 -4.222856754769189536e+00
2.459999999999999964e+00 -3.542499986536521650e+00
2.469999999999999751e+00 -3.798630835956717355e+00
2.479999999999999982e+00 -2.040204379507218668e+00
2.489999999999999769e+00 -2.472119866261270893e+00
2.500000000000000000e+00 -4.049939662893419445e+00
2.509999999999999787e+00 -5.096700204181303206e+00
2.520000000000000018e+00 -2.010539923733816181e+00
2.529999999999999805e+00 -3.658043891727679409e+00
2.540000000000000036e+00 -1.445671259838573031e+00
2.549999999999999822e+00 -3.154767057851644019e+00
2.560000000000000053e+00 -2.140896608094632114e+00
2.569999999999999840e+00 -4.449571049948971790e+00
2.579999999999999627e+00 -3.241637054394344464e+00
2.589999999999999858e+00 -1.713730632740295468e+00
2.599999999999999645e+00 -3.658590369146331511e+00
2.609999999999999876e+00 -3.439942337081126400e+00
2.619999999999999662e+00 -7.642075862988531032e-01
2.629999999999999893e+00 -7.359609961846853565e-01
2.639999999999999680e+00 -2.313020901793116035e+00
2.649999999999999911e+00 -2.288578864416979108e+00
2.659999999999999698e+00 5.546855186434282992e-01
2.669999999999999929e+00 -2.906984479803524479e+00
2.679999999999999716e+00 3.176987919420892759e-02
2.689999999999999947e+00 -1.920763216940604146e+00
2.699999999999999734e+00 -9.448072322072817997e-01
2.709999999999999964e+00 -5.703397529543092759e-01
2.719999999999999751e+00 -3.478060845535810852e-01
2.729999999999999982e+00 -1.263741118678874953e+00
2.739999999999999769e+00 1.594619517577800849e+00
2.750000000000000000e+00 -1.096226303489836740e-01
2.759999999999999787e+00 1.205674110798139242e+00
2.770000000000000018e+00 -3.868889866949765111e-01
2.779999999999999805e+00 1.594880009066904414e+00
2.790000000000000036e+00 1.533301079368196707e-01
2.799999999999999822e+00 2.831363720065639189e+00
2.810000000000000053e+00 1.747917371279812837e+00
2.819999999999999840e+00 3.160865550448643368e+00
2.829999999999999627e+00 3.478354827398724147e+00
2.839999999999999858e+00 3.710324950868232552e+00
2.849999999999999645e+00 2.778403115737681617e+00
2.859999999999999876e+00 2.592449480257477568e+00
2.869999999999999662e+00 5.665188766865075110e+00
2.879999999999999893e+00 5.343854528138701099e+00
2.889999999999999680e+00 3.424031883667928433e+00
2.899999999999999911e+00 2.596420643127968830e+00
2.909999999999999698e+00 3.344251192170689890e+00
2.919999999999999929e+00 4.095549627945647586e+00
2.929999999999999716e+00 4.488536027896115499e+00
2.939999999999999947e+00 3.983733908007434543e+00
2.949999999999999734e+00 3.980235945956196897e+00
2.959999999999999964e+00 4.374043117621931209e+00
2.969999999999999751e+00 3.570740451918614333e+00
2.979999999999999982e+00 4.141497827518099584e+00
2.989999999999999769e+00 3.608128200227383786e+00
3.000000000000000000e+00 4.308730600835273705e+00
3.009999999999999787e+00 5.947755534860816873e+00
3.020000000000000018e+00 5.244988922717954694e+00
3.029999999999999805e+00 5.698472319589638069e+00
3.040000000000000036e+00 7.213851972479593755e+00
3.049999999999999822e+00 4.610714326338284152e+00
3.060000000000000053e+00 4.355933100969235028e+00
3.069999999999999840e+00 5.813244706734295164e+00
3.080000000000000071e+00 6.547796136471744077e+00
3.089999999999999858e+00 5.472356252866085846e+00
3.099999999999999645e+00 4.663922785884621725e+00
3.109999999999999876e+00 7.042634036611684856e+00
3.119999999999999662e+00 5.540282880954273459e+00
3.129999999999999893e+00 6.917176105631518190e+00
3.139999999999999680e+00 6.485027528472483205e+00
3.149999999999999911e+00 5.510079872682864810e+00
3.159999999999999698e+00 5.923759560462069196e+00
3.169999999999999929e+00 6.203994210435567425e+00
3.179999999999999716e+00 5.538693667745640425e+00
3.189999999999999947e+00 4.973972620822710411e+00
3.199999999999999734e+00 4.323875024122688870e+00
3.209999999999999964e+00 4.224005417462784351e+00
3.219999999999999751e+00 4.251046341416857999e+00
3.229999999999999982e+00 6.069985272112062624e+00
3.239999999999999769e+00 5.007345173767125068e+00
3.250000000000000000e+00 6.363890437104054776e+00
3.259999999999999787e+00 6.186352549801026335e+00
3.270000000000000018e+00 5.646631805309430874e+00
3.279999999999999805e+00 4.974086281846496149e+00
3.290000000000000036e+00 5.622730817124685920e+00
3.299999999999999822e+00 6.254517101358857190e+00
3.310000000000000053e+00 4.496623587169290559e+00
3.319999999999999840e+00 4.822039415273426499e+00
3.330000000000000071e+00 4.133484497760005816e+00
3.339999999999999858e+00 4.878690727215591494e+00
3.349999999999999645e+00 2.660001410345054218e+00
3.359999999999999876e+00 2.162067368630526509e+00
3.369999999999999662e+00 6.440370985223548672e+00
3.379999999999999893e+00 5.826329555522278270e+00
3.389999999999999680e+00 3.693319631003334713e+00
3.399999999999999911e+00 3.987456241835790394e+00
3.409999999999999698e+00 2.928121599912796746e+00
3.419999999999999929e+00 2.340027333167259638e+00
3.429999999999999716e+00 2.199033239729865308e+00
3.439999999999999947e+00 3.403792858064838889e+00
3.449999999999999734e+00 3.195142219557350227e+00
3.459999999999999964e+00 9.088999695287039993e-01
3.469999999999999751e+00 2.673270405357279778e+00
3.479999999999999982e+00 1.004431839756532385e+00
3.489999999999999769e+00 1.205419001594440154e+00
3.500000000000000000e+00 -1.784914259549406079e-01
3.509999999999999787e+00 2.638793326111287030e+00
3.520000000000000018e+00 2.754748395232529123e-01
3.529999999999999805e+00 -2.741038378593504410e-01
3.540000000000000036e+00 -1.043028040944741885e+00
3.549999999999999822e+00 -4.518573616960855355e-01
3.560000000000000053e+00 -1.980144182472295844e+00
3.569999999999999840e+00 -3.137597406831929447e+00
3.580000000000000071e+00 -2.645010832901281805e+00
3.589999999999999858e+00 -2.943863463470836717e+00
3.599999999999999645e+00 -3.934320931318710635e+00
3.609999999999999876e+00 -2.713128305882804181e+00
3.619999999999999662e+00 -3.009834495844760927e+00
3.629999999999999893e+00 -3.324698182760756016e+00
3.639999999999999680e+00 -2.480261364402772006e+00
3.649999999999999911e+00 -3.571992534786232909e+00
3.659999999999999698e+00 -1.229602474708425319e+00
3.669999999999999929e+00 -4.110511745329775479e+00
3.679999999999999716e+00 -2.923761406121518469e+00
3.689999999999999947e+00 -5.439358678877161068e+00
3.699999999999999734e+00 -5.211614991858573021e+00
3.709999999999999964e+00 -5.374336847851099108e+00
3.719999999999999751e+00 -6.286062426958352489e+00
3.729999999999999982e+00 -7.076491894161429208e+00
3.739999999999999769e+00 -6.855591901231123053e+00
3.750000000000000000e+00 -5.634474908248245484e+00
3.759999999999999787e+00 -6.908069067334112745e+00
3.770000000000000018e+00 -6.440161203612081664e+00
3.779999999999999805e+00 -7.122230337477224893e+00
3.790000000000000036e+00 -6.783383218090094147e+00
3.799999999999999822e+00 -8.345963290046537253e+00
3.810000000000000053e+00 -7.071983464184758539e+00
3.819999999999999840e+00 -7.816679416355122534e+00
3.830000000000000071e+00 -9.020979657976504029e+00
3.839999999999999858e+00 -8.683532855651044713e+00
3.849999999999999645e+00 -9.804673480359895166e+00
3.859999999999999876e+00 -1.020938791838030113e+01
3.869999999999999662e+00 -8.317141495705758558e+00
3.879999999999999893e+00 -8.855627773903606226e+00
3.889999999999999680e+00 -7.140712237547342411e+00
3.899999999999999911e+00 -9.634660533848935060e+00
3.909999999999999698e+00 -7.128206415493722581e+00
3.919999999999999929e+00 -8.859152859153414994e+00
3.929999999999999716e+00 -6.589085861952252543e+00
3.939999999999999947e+00 -8.761029470966194665e+00
3.949999999999999734e+00 -8.783833187449531010e+00
3.959999999999999964e+00 -8.206533566178121575e+00
3.969999999999999751e+00 -7.766750382034095956e+00
3.979999999999999982e+00 -9.334287324176257172e+00
3.989999999999999769e+00 -8.461324662260251372e+00
