2.000000000000000111e-01 8.300066651203532597e-01
3.000000000000000444e-01 1.536416991267502308e+00
4.000000000000000777e-01 -1.204065399447158402e+00
5.000000000000001110e-01 -1.071681717565328817e+00
6.000000000000000888e-01 -2.439932147635348603e-02
7.000000000000001776e-01 4.072279299468879454e-01
8.000000000000002665e-01 -1.082240634220679620e+00
9.000000000000001332e-01 -1.530672385423420323e+00
1.000000000000000222e+00 -1.028278612969107275e+00
1.100000000000000311e+00 -2.926561782331171813e-01
1.200000000000000400e+00 2.064453488170977735e+00
1.300000000000000266e+00 1.975446535775461587e+00
1.400000000000000355e+00 3.758361449061493165e+00
1.500000000000000444e+00 5.730986144239753166e+00
1.600000000000000311e+00 5.081165132965939080e+00
1.700000000000000400e+00 5.454110220575333123e+00
1.800000000000000488e+00 3.338583429287374837e+00
1.900000000000000577e+00 3.064773665637741562e+00
2.000000000000000888e+00 -2.627333929144320956e-01
2.100000000000000533e+00 -7.345832524625145465e-01
2.200000000000001066e+00 -1.819295864622528125e+00
2.300000000000000711e+00 -3.814175484517599912e+00
2.400000000000000799e+00 -3.653619643184104593e+00
2.500000000000000888e+00 -2.942577205827824560e+00
2.600000000000000977e+00 -2.806649377346545293e+00
2.700000000000001066e+00 -1.600274820818501809e+00
2.800000000000001155e+00 2.469951472008309334e+00
2.900000000000001243e+00 5.624119324794801145e+00
3.000000000000000888e+00 5.744241779669236436e+00
3.100000000000000977e+00 6.241914588449395396e+00
3.200000000000001066e+00 4.262250390303260694e+00
3.300000000000001155e+00 5.014373273740598158e+00
3.400000000000001243e+00 3.057526142603436803e+00
3.500000000000001332e+00 2.055937258162044756e+00
3.600000000000001421e+00 -4.401233150282083173e+00
3.700000000000001510e+00 -7.181955222602001143e+00
3.800000000000001599e+00 -5.673962284434956871e+00
3.900000000000001243e+00 -8.146802620097421510e+00
