% # columns="iteration, evaluation, sigma, void, void,  stds==sigma*sqrt(diag(C))", seed=538047, Mon Dec  4 13:05:15 2017, <python>{}</python>
1 8 3.89114353923 0 0 3.93470178236 3.57076788732 3.54128907947 3.71816430116
2 16 3.83370390768 0 0 4.00732350646 3.29089007939 3.44751779001 3.6340908671
3 24 4.22868987476 0 0 4.34931314642 4.10942491358 3.6061953299 3.81526337206
4 32 3.77861305038 0 0 3.62758819047 3.4725105436 2.94303725535 3.72234765146
5 40 3.1303397904 0 0 2.79910323557 2.82746625386 2.32637092513 2.97652587606
6 48 3.02470002001 0 0 2.80002107972 2.72001323173 2.30021110135 2.71603849414
7 56 3.04238466931 0 0 2.73512219222 2.78449984949 2.25548775702 2.68061516812
8 64 2.99026937568 0 0 2.64013955544 2.3207621095 2.29899121092 2.8257316108
9 72 2.41714822481 0 0 1.89654701524 1.76083388508 1.82581704641 2.17926138149
10 80 2.58845061762 0 0 1.8698592664 1.73946753358 2.04601836097 2.81907413127
11 88 2.88913075282 0 0 2.00727591571 1.8431657816 2.31435929681 3.61884786947
12 96 2.41600584354 0 0 1.63113368183 1.50644917517 1.81027474857 3.0129954677
13 104 2.05153414452 0 0 1.27671560949 1.19073563838 1.48256163866 2.60203958121
14 112 1.65031695919 0 0 0.931606194883 0.918337858637 1.12733547476 1.92377291469
15 120 1.60049806919 0 0 0.844801043873 0.840204694278 1.111843268 1.91000865305
16 128 1.70133227691 0 0 0.85331058568 0.894740578432 1.26785598896 1.91430154051
17 136 1.83087025842 0 0 0.864431970914 0.935611948193 1.56666834632 2.25174467544
18 144 1.80468807525 0 0 0.736208718421 0.92764854543 1.56792818221 2.31654315777
19 152 1.54659639253 0 0 0.56891643688 0.763145943859 1.26092197249 2.05466877391
20 160 1.61148203449 0 0 0.567434212965 0.771733226033 1.326013615 2.14724181092
21 168 1.57741025377 0 0 0.501453801594 0.75586422349 1.21408930052 1.9541781084
22 176 1.55229168009 0 0 0.450971992281 0.748877065103 1.21290788986 1.83050153482
23 184 1.47681354694 0 0 0.393899848064 0.727534642559 1.19037633416 1.79345528611
24 192 1.3953668987 0 0 0.357675954195 0.697806794255 1.0451428031 1.56436474007
25 200 1.27856765826 0 0 0.328770419808 0.601675203697 0.940196494954 1.35096379807
26 208 1.21518550289 0 0 0.299663783569 0.605076847507 0.794172865258 1.17356832863
27 216 1.13027264567 0 0 0.251759036254 0.539450484429 0.711796101706 1.05122512664
28 224 0.983938913462 0 0 0.180620644933 0.475327924104 0.593944010063 0.913747621894
29 232 0.911047851182 0 0 0.158860765965 0.413935913903 0.5414013948 0.836298661414
30 240 1.06860201143 0 0 0.176238628552 0.461530168331 0.614988971109 1.10183923688
31 248 1.18033875436 0 0 0.164653956145 0.517506172245 0.666879194027 1.22956345316
32 256 1.24403501419 0 0 0.152768754874 0.588004757533 0.708010261679 1.28577827349
33 264 1.00428652525 0 0 0.120766289655 0.45676789945 0.537140439529 0.937214210586
34 272 0.993682323691 0 0 0.109036765649 0.480994961184 0.519779655823 0.888476078202
35 280 0.930853729783 0 0 0.0945467001681 0.457782508085 0.465039516855 0.823090261786
36 288 0.804224617546 0 0 0.0826670956279 0.400860182626 0.390749967903 0.590555675337
37 296 0.667531640693 0 0 0.0656002792146 0.319704807159 0.31618707936 0.430681894918
38 304 0.631309520006 0 0 0.0593965240172 0.295025578557 0.295117037617 0.374635837792
39 312 0.625807138245 0 0 0.0541421144687 0.298080540067 0.251650073444 0.395170701424
40 320 0.556173062889 0 0 0.0449658976203 0.257345059359 0.209334272793 0.351641248435
41 328 0.458730478878 0 0 0.0359751657372 0.204362803338 0.164611826508 0.266096691083
42 336 0.524115941018 0 0 0.0388207108094 0.250904066541 0.183502864753 0.314537389717
43 344 0.512920164989 0 0 0.0355505752051 0.24467032275 0.176503622022 0.284347878568
44 352 0.521929220077 0 0 0.0350034802865 0.269983148554 0.163012910635 0.278970659217
45 360 0.470925638912 0 0 0.0314776277495 0.225342895778 0.14525505703 0.221817167731
46 368 0.465301919471 0 0 0.0331427961086 0.210326329386 0.135977965646 0.223053786337
47 376 0.392483557931 0 0 0.025746167207 0.162999697149 0.115196229368 0.188073156842
48 384 0.321978359554 0 0 0.0183483282403 0.127624604607 0.0931536590012 0.153311915986
49 392 0.2865852121 0 0 0.0152809443295 0.108089228519 0.081822520062 0.134411010456
50 400 0.261290179637 0 0 0.0129017527003 0.104425725256 0.0735805393821 0.114983357832
51 408 0.216261091278 0 0 0.0104907004808 0.0848086115151 0.0600056418049 0.0851814081521
52 416 0.250754989725 0 0 0.0118505613603 0.10521835599 0.0629477174674 0.0915909690318
53 424 0.250101954874 0 0 0.0115241041792 0.0956781619348 0.0613487675162 0.0885917728793
54 432 0.276588767263 0 0 0.0128645916594 0.10884319541 0.0671267944186 0.0850176179514
55 440 0.277383156856 0 0 0.0126442444738 0.105848357328 0.0643496606198 0.0807738943617
56 448 0.267661808854 0 0 0.0109757342735 0.0998580336518 0.0617043184006 0.0755165088883
57 456 0.23365814788 0 0 0.00788571566669 0.0868720768927 0.0532708357143 0.0631456894013
58 464 0.207456406333 0 0 0.00700173117428 0.0695229287755 0.0446690786468 0.0545252047694
59 472 0.174397455897 0 0 0.00595280195335 0.0553460484762 0.0353940294608 0.0417505278504
60 480 0.152767618527 0 0 0.0044319089503 0.0487165766097 0.0304005442996 0.036719060731
61 488 0.121156313153 0 0 0.00345340872053 0.0368113211854 0.022199468247 0.0279584039325
62 496 0.105733862197 0 0 0.00287764208311 0.0325387016139 0.0195268003756 0.0203411609015
63 504 0.0972273399322 0 0 0.00270731877333 0.0273453937982 0.0158570979363 0.0200214299439
64 512 0.085234364348 0 0 0.00224975255471 0.0242709982801 0.0123854144388 0.0163885547635
65 520 0.0740975511854 0 0 0.00189280866779 0.0199352201513 0.0108669049537 0.0139080071764
66 528 0.0639040766401 0 0 0.00153731028755 0.0152905326593 0.00921074363279 0.011712944498
67 536 0.0559531834361 0 0 0.00128726888211 0.012489624723 0.00802886460145 0.00984116590677
68 544 0.0522675757139 0 0 0.00110650937499 0.0119383311125 0.00743244641875 0.00855450035865
69 552 0.0429652235276 0 0 0.00091451425469 0.00902775671055 0.00612043065026 0.00617119033126
70 560 0.0366974420073 0 0 0.000721492518484 0.00788011743228 0.00489874014835 0.00524177730661
71 568 0.0296012024595 0 0 0.000553410173391 0.00631200420051 0.00375405672121 0.00384348928659
72 576 0.0259986112894 0 0 0.000503279877768 0.00526903644347 0.00321282362627 0.0028301747315
73 584 0.0209158252154 0 0 0.000393938975506 0.00396717863436 0.00239314869839 0.00224561653645
74 592 0.0178705212102 0 0 0.000317916497834 0.00314834446958 0.00202630383614 0.00168498266077
75 600 0.0186702766181 0 0 0.000318924713786 0.00310887117026 0.00209815905373 0.00186372393879
76 608 0.0177645709292 0 0 0.000292998917656 0.0029060519658 0.00188221159853 0.00170318580592
77 616 0.0161710301322 0 0 0.000239487831969 0.00250832147419 0.00169530356445 0.00154899510086
78 624 0.0141374837831 0 0 0.000198010734417 0.00200268791242 0.00144403171279 0.00133105551833
79 632 0.0126373206503 0 0 0.000166429332978 0.0016846510793 0.00126635010057 0.00107910211887
80 640 0.0112576883869 0 0 0.000144298661003 0.00136022407357 0.00102680340538 0.000962828290169
81 648 0.00954820028188 0 0 0.000121662260399 0.00110884731396 0.000737567503235 0.000788612130964
82 656 0.0078455741008 0 0 9.7030073426e-05 0.000862225919624 0.000604307438283 0.000575047502961
83 664 0.00710267976881 0 0 8.12664811813e-05 0.000716518332039 0.000536370872664 0.000495300008955
84 672 0.00621296092239 0 0 6.72056415268e-05 0.000625467952252 0.000410199829991 0.000420785245002
85 680 0.00541738508204 0 0 5.8025775267e-05 0.000499080333875 0.000364113213853 0.000334213759959
86 688 0.00474114233349 0 0 5.07609735963e-05 0.000434530467198 0.000303073146811 0.000262023071832
87 696 0.00393789699992 0 0 3.70488735344e-05 0.000341151432232 0.000238275630196 0.000223292633127
88 704 0.0040301734902 0 0 3.35529729011e-05 0.00034183331426 0.000228649593823 0.000253526084269
89 712 0.00408517478903 0 0 2.96557106945e-05 0.000333766055041 0.000254395504374 0.000259411211399
90 720 0.00348616973161 0 0 2.37451696683e-05 0.000260410836412 0.00021805450434 0.000212761044369
91 728 0.00342120559799 0 0 2.27050851672e-05 0.000247208686114 0.000206429897133 0.000195156943595
92 736 0.00313098197458 0 0 1.93959908389e-05 0.000219186659553 0.000165777377379 0.000169469296837
93 744 0.00264073406627 0 0 1.62255309724e-05 0.000182592761483 0.000128021487349 0.000137191457228
94 752 0.00244009358851 0 0 1.4607003107e-05 0.000150901337205 0.000118847422211 0.000122779747939
95 760 0.00202892157451 0 0 1.15273360896e-05 0.000120420926126 9.72915638085e-05 9.59591772843e-05
96 768 0.00176792641388 0 0 9.56038585091e-06 0.000106829687575 7.81294124346e-05 7.48074779178e-05
97 776 0.00178838729371 0 0 9.32226744066e-06 0.000112800751481 7.37088599392e-05 7.43072298523e-05
98 784 0.00165874891915 0 0 8.31435184162e-06 0.000108646851551 6.59724233703e-05 6.3483681458e-05
99 792 0.00140412368626 0 0 6.47340522232e-06 8.77434056574e-05 5.11872275815e-05 5.45003631075e-05
100 800 0.00122511281017 0 0 5.59927031376e-06 7.41572265928e-05 4.32509574597e-05 4.43583955371e-05
101 808 0.00107547894674 0 0 4.46933742155e-06 6.37243613191e-05 3.75196379641e-05 3.79921869832e-05
102 816 0.000900170096253 0 0 3.5401243797e-06 5.08002041983e-05 3.10547194473e-05 2.93558972553e-05
103 824 0.000791251682469 0 0 3.02690824726e-06 4.5219416818e-05 2.45169873943e-05 2.51557765329e-05
104 832 0.000638023740766 0 0 2.39893455375e-06 3.54350903782e-05 1.84253580385e-05 1.74867704617e-05
105 840 0.000558874930971 0 0 2.0777548869e-06 3.05386719166e-05 1.56728919868e-05 1.49623641615e-05
106 848 0.00050513675832 0 0 1.80584374615e-06 2.67182880682e-05 1.41362911579e-05 1.28253646815e-05
107 856 0.000472584003219 0 0 1.72673908436e-06 2.50870931587e-05 1.12144822142e-05 1.21600152837e-05
108 864 0.000418346922724 0 0 1.63052905476e-06 2.0592879417e-05 9.20025645399e-06 1.0040180533e-05
109 872 0.000349085106845 0 0 1.22964706348e-06 1.69061576163e-05 7.02583300423e-06 7.95169302563e-06
110 880 0.000300648880117 0 0 9.94342147907e-07 1.30315852159e-05 5.91234669076e-06 6.6989292901e-06
111 888 0.000270592542866 0 0 8.53089447313e-07 1.08955166189e-05 4.98265075721e-06 6.01603323685e-06
112 896 0.000259018873362 0 0 7.51217080469e-07 9.75135547875e-06 4.97250766001e-06 5.70472923011e-06
113 904 0.000210115224599 0 0 5.08288955478e-07 7.76957608099e-06 3.93296855771e-06 4.31287032981e-06
114 912 0.000198426629454 0 0 4.7981424857e-07 6.92725472446e-06 3.41231848561e-06 3.96474006949e-06
115 920 0.000209452370433 0 0 5.4223783211e-07 6.77134472449e-06 3.31599069836e-06 3.92636997395e-06
116 928 0.000172297028899 0 0 4.39748648959e-07 5.41402025118e-06 2.53477629464e-06 2.84123602859e-06
117 936 0.000157337187763 0 0 4.12029599006e-07 4.7703359731e-06 2.2780862321e-06 2.40214150256e-06
118 944 0.000125084194971 0 0 3.21626190789e-07 3.08389800293e-06 1.7324105817e-06 1.92068268863e-06
119 952 0.000108578171159 0 0 2.74666735743e-07 2.51867703685e-06 1.39974140816e-06 1.59472267112e-06
120 960 0.000102507856201 0 0 2.47119628456e-07 2.48459463748e-06 1.16407141568e-06 1.49255971458e-06
121 968 9.36481059982e-05 0 0 2.20277207769e-07 2.1423820506e-06 1.02855381529e-06 1.2567567907e-06
122 976 7.72122355889e-05 0 0 1.64500060641e-07 1.75011676134e-06 7.65299537311e-07 1.04022032301e-06
123 984 6.62024122599e-05 0 0 1.34808601732e-07 1.44409299539e-06 6.4512903578e-07 8.04819296962e-07
124 992 6.16481952741e-05 0 0 1.21740981098e-07 1.33881511341e-06 5.39436800075e-07 7.26166497682e-07
125 1000 5.59100326853e-05 0 0 1.02961482344e-07 1.07008331438e-06 5.05795309311e-07 6.37247566977e-07
126 1008 5.25741467586e-05 0 0 8.51315366415e-08 9.66204271413e-07 4.67799646267e-07 6.53046730886e-07
127 1016 4.84221916218e-05 0 0 7.88937241153e-08 8.11865616744e-07 4.28414551744e-07 5.443037972e-07
128 1024 3.89314418589e-05 0 0 5.85677643927e-08 6.2568983874e-07 3.40832801241e-07 4.20144916085e-07
129 1032 3.79972284604e-05 0 0 5.50910678542e-08 6.00716819179e-07 3.15104308783e-07 4.21596508626e-07
130 1040 3.28216252841e-05 0 0 4.26503703297e-08 5.09088291377e-07 2.47954509317e-07 3.69831029642e-07
131 1048 3.03423860595e-05 0 0 3.9767407337e-08 4.31496553268e-07 2.3314349517e-07 3.22092644064e-07
132 1056 2.81897039952e-05 0 0 3.45998530925e-08 3.93286916025e-07 2.26725870726e-07 2.97624924919e-07
133 1064 2.43665283713e-05 0 0 2.69205564347e-08 3.3291877021e-07 1.8341151999e-07 2.28402914394e-07
134 1072 1.90158118001e-05 0 0 1.88081465965e-08 2.61693111933e-07 1.23709276148e-07 1.71073080669e-07
135 1080 1.83304824894e-05 0 0 1.79665660716e-08 2.03623803736e-07 1.31077819254e-07 1.63206028181e-07
136 1088 1.57172716752e-05 0 0 1.54557130145e-08 1.69556680359e-07 1.09425922878e-07 1.2039506045e-07
137 1096 1.40358752127e-05 0 0 1.37120567654e-08 1.50762574325e-07 9.36744010618e-08 9.80351685898e-08
138 1104 1.26371623827e-05 0 0 1.20844949327e-08 1.31617764486e-07 8.30880929161e-08 8.2609376481e-08
139 1112 9.9887170339e-06 0 0 9.22028787515e-09 9.35859040237e-08 6.18928460666e-08 6.28940961106e-08
140 1120 8.67087535368e-06 0 0 7.68390157827e-09 7.93952160453e-08 5.12370389607e-08 5.29429793416e-08
141 1128 8.34765232679e-06 0 0 5.91930457042e-09 7.71123141563e-08 5.39054168496e-08 5.10283011262e-08
142 1136 8.30189571249e-06 0 0 6.17381112302e-09 7.62012080646e-08 5.30937510758e-08 4.66295220385e-08
143 1144 8.85725652064e-06 0 0 7.32396826726e-09 6.87673238248e-08 5.39530522773e-08 5.13780850276e-08
144 1152 8.92715213091e-06 0 0 7.03268885337e-09 6.73023716407e-08 5.23183914658e-08 5.82246341211e-08
145 1160 8.73766204414e-06 0 0 7.11687346372e-09 6.4191174032e-08 5.19347214975e-08 6.15033135641e-08
146 1168 8.01903925236e-06 0 0 6.68860774931e-09 5.53840231466e-08 4.65278015148e-08 5.80916369371e-08
147 1176 6.69647963843e-06 0 0 5.51890987184e-09 4.48605657044e-08 3.73389057201e-08 4.26051553903e-08
148 1184 6.60038515673e-06 0 0 5.43169139416e-09 4.37965453364e-08 3.88498359024e-08 4.03063969211e-08
149 1192 5.80664927815e-06 0 0 4.41739026705e-09 3.42690802205e-08 3.5039787961e-08 3.44878979269e-08
150 1200 5.66271120315e-06 0 0 4.54603930673e-09 3.28997326568e-08 3.19007312813e-08 3.27091088907e-08
151 1208 6.70026604994e-06 0 0 4.94562316982e-09 4.08735449066e-08 3.64922126639e-08 4.40318392495e-08
152 1216 6.47886287002e-06 0 0 5.18876213063e-09 3.61210600957e-08 3.50363266382e-08 4.11709682419e-08
153 1224 5.31701400777e-06 0 0 4.10250320193e-09 2.89618229252e-08 2.63771833301e-08 3.22966245907e-08
154 1232 5.08784773648e-06 0 0 3.87747731426e-09 2.87943974593e-08 2.24525553834e-08 2.88387128682e-08
155 1240 5.47529460226e-06 0 0 4.21180194006e-09 3.51655503449e-08 2.43020353108e-08 2.72186311542e-08
156 1248 4.63507037589e-06 0 0 3.46374303688e-09 2.74699259931e-08 2.11476666169e-08 2.30617474864e-08
157 1256 4.32337919741e-06 0 0 3.12346085086e-09 2.5014077493e-08 1.9481342135e-08 2.02295943553e-08
158 1264 3.47814733262e-06 0 0 2.39485588301e-09 2.06907244016e-08 1.44630712419e-08 1.55229993946e-08
159 1272 3.82588571083e-06 0 0 2.68563699738e-09 2.19777885613e-08 1.85235665435e-08 2.00586706117e-08
160 1280 3.47994773768e-06 0 0 2.32019443547e-09 1.87962930868e-08 1.57587040658e-08 1.76690919297e-08
161 1288 2.78376970852e-06 0 0 1.90985323133e-09 1.49605084587e-08 1.12815222542e-08 1.44833578217e-08
162 1296 2.43906060224e-06 0 0 1.61416615965e-09 1.30766417143e-08 9.62475832391e-09 1.1754452462e-08
163 1304 2.48574391068e-06 0 0 1.64310787049e-09 1.43828766617e-08 1.05212046309e-08 1.21458708949e-08
164 1312 2.82036608942e-06 0 0 2.11759950872e-09 1.6626252783e-08 1.2625709326e-08 1.36847751741e-08
165 1320 3.08121603346e-06 0 0 2.27756154636e-09 1.58510042101e-08 1.27652903645e-08 1.72162096265e-08
166 1328 2.46994719986e-06 0 0 1.72906308523e-09 1.22051626692e-08 9.28570601634e-09 1.38995851503e-08
167 1336 2.02958767811e-06 0 0 1.24244783696e-09 9.80791165103e-09 7.68749819481e-09 1.08969101025e-08
168 1344 2.2120992786e-06 0 0 1.23695032198e-09 9.81506570663e-09 9.90977972943e-09 1.17166804476e-08
169 1352 2.54009260884e-06 0 0 1.42321120625e-09 1.03263939673e-08 1.10218639505e-08 1.42082290099e-08
170 1360 2.15211420666e-06 0 0 1.17974870402e-09 7.85859201618e-09 8.80211341046e-09 1.13480021846e-08
171 1368 2.72196171552e-06 0 0 1.33948836815e-09 9.12188084787e-09 1.39006344912e-08 1.39026139449e-08
172 1376 3.15576705141e-06 0 0 1.4337140699e-09 9.8396929858e-09 1.52880595795e-08 1.86035082227e-08
173 1384 3.25044343794e-06 0 0 1.4869836722e-09 9.32499898058e-09 1.65806889109e-08 1.73178021356e-08
174 1392 3.1724736461e-06 0 0 1.42011573768e-09 9.05839943824e-09 1.69153027334e-08 1.51758576645e-08
175 1400 3.23648599191e-06 0 0 1.5161197877e-09 9.67400644202e-09 1.59595918237e-08 1.50472724474e-08
176 1408 3.59575371807e-06 0 0 1.56472976504e-09 1.21681771085e-08 1.8013819785e-08 1.67919973328e-08
177 1416 3.92140958376e-06 0 0 1.65402400157e-09 1.33599053358e-08 2.05922632924e-08 1.87211544258e-08
178 1424 3.64810730631e-06 0 0 1.49919494992e-09 1.24450653805e-08 1.90056344843e-08 1.71020312626e-08
179 1432 3.41309633066e-06 0 0 1.37054482623e-09 1.12206350055e-08 1.69647558997e-08 1.53867755407e-08
180 1440 2.84250116368e-06 0 0 1.05097996867e-09 8.64584592593e-09 1.44371873572e-08 1.30631255017e-08
181 1448 2.52038275873e-06 0 0 8.64012147812e-10 7.66838523867e-09 1.21523240269e-08 1.18005171092e-08
182 1456 2.69116277653e-06 0 0 9.24171664957e-10 8.22023485443e-09 1.23433137177e-08 1.20127339349e-08
183 1464 2.35480637519e-06 0 0 7.67250106917e-10 7.17530782546e-09 1.00632713535e-08 9.87480645142e-09
184 1472 2.12918496708e-06 0 0 6.88789439668e-10 6.57645326344e-09 8.40948101435e-09 9.15418815204e-09
185 1480 2.18606237032e-06 0 0 6.43112944593e-10 6.46716781291e-09 8.01466000271e-09 9.52812333328e-09
186 1488 1.97305257548e-06 0 0 5.1093619332e-10 5.97273184061e-09 6.92896256505e-09 8.3814068532e-09
187 1496 1.69985039681e-06 0 0 4.21089458455e-10 5.13235206441e-09 5.90846238118e-09 7.23148968594e-09
188 1504 1.79240395462e-06 0 0 4.30677498744e-10 5.52294066522e-09 6.02522526312e-09 8.29313373422e-09
189 1512 1.9509849225e-06 0 0 4.9454851488e-10 7.49848757486e-09 6.59491802183e-09 9.88185198926e-09
190 1520 1.66711580176e-06 0 0 3.98861414617e-10 5.77752127138e-09 4.93531226635e-09 7.32363100495e-09
191 1528 1.60479115047e-06 0 0 3.87720687618e-10 5.36436459546e-09 4.80117453265e-09 6.97821218818e-09
192 1536 1.6470527993e-06 0 0 4.33241066136e-10 5.20328410943e-09 4.87630533383e-09 7.30995687974e-09
193 1544 1.98476555139e-06 0 0 5.86257095608e-10 6.42855201439e-09 5.85884090222e-09 9.44608547383e-09
194 1552 2.48319510765e-06 0 0 8.40020204089e-10 9.13762906513e-09 6.92421915959e-09 1.21080134634e-08
195 1560 2.92828755101e-06 0 0 1.01405109795e-09 1.11901579117e-08 8.41812501567e-09 1.67042810257e-08
196 1568 3.16950078732e-06 0 0 9.85004205067e-10 1.20671870707e-08 1.0083514077e-08 1.85889344423e-08
197 1576 3.10236778591e-06 0 0 9.34782447821e-10 1.13506856922e-08 1.01007518826e-08 1.71783427157e-08
198 1584 3.62574714219e-06 0 0 1.29831758261e-09 1.36430801237e-08 1.23320090861e-08 1.91559517996e-08
199 1592 3.60969199278e-06 0 0 1.24833974156e-09 1.25710060055e-08 1.20022419607e-08 1.85049791759e-08
200 1600 3.53650015026e-06 0 0 1.15695880933e-09 1.18358647884e-08 1.14053042009e-08 1.77663541239e-08
201 1608 3.24989392673e-06 0 0 1.06646102708e-09 1.00081387288e-08 9.82200981703e-09 1.44185475089e-08
202 1616 3.31760470686e-06 0 0 1.05985212936e-09 1.07759840548e-08 1.14781675006e-08 1.47925005025e-08
203 1624 3.85603692913e-06 0 0 1.28458389006e-09 1.25151791659e-08 1.30035372341e-08 1.75330553462e-08
204 1632 4.09884381544e-06 0 0 1.36290449804e-09 1.3219927446e-08 1.52021178385e-08 1.87116965352e-08
205 1640 3.56211969982e-06 0 0 1.02945984447e-09 1.09788832625e-08 1.40361163703e-08 1.54524155649e-08
206 1648 3.20431259192e-06 0 0 9.0231626882e-10 9.56539968417e-09 1.21939933041e-08 1.28891156501e-08
207 1656 3.0249013514e-06 0 0 7.93891070989e-10 8.47471794644e-09 1.12718895499e-08 1.21933812675e-08
208 1664 3.45530266295e-06 0 0 8.17604191816e-10 9.29005629378e-09 1.28007457851e-08 1.44928716554e-08
209 1672 3.09040137948e-06 0 0 6.99827302971e-10 7.87965298355e-09 1.05897673958e-08 1.24355773637e-08
210 1680 2.67999565736e-06 0 0 5.90562104816e-10 6.59255949836e-09 8.48735239496e-09 1.01999103481e-08
211 1688 2.38614847566e-06 0 0 5.33882972749e-10 5.6646471158e-09 6.92684186812e-09 9.04826349463e-09
212 1696 2.36144451205e-06 0 0 5.22359206261e-10 5.2617460537e-09 6.70403681421e-09 8.18760499352e-09
213 1704 2.11931655885e-06 0 0 4.17143489742e-10 4.33732925856e-09 5.89298272284e-09 6.83216975178e-09
214 1712 2.22109112256e-06 0 0 4.39171713532e-10 4.40588369447e-09 5.76213632706e-09 6.55550214906e-09
215 1720 2.54402925638e-06 0 0 5.14292634878e-10 6.0739518715e-09 6.48350269506e-09 9.59964408376e-09
216 1728 2.51992059203e-06 0 0 5.17927823401e-10 5.92206507808e-09 5.7037713385e-09 8.54979535349e-09
217 1736 2.41239874351e-06 0 0 4.594402034e-10 5.54327587999e-09 5.60294003846e-09 8.08344301454e-09
218 1744 2.29864701777e-06 0 0 4.22593871556e-10 4.93854877563e-09 5.39555335706e-09 7.18373427781e-09
219 1752 2.29233222391e-06 0 0 4.24687978758e-10 4.85065814546e-09 5.33262037376e-09 7.01149978194e-09
220 1760 2.3835750728e-06 0 0 4.24359288944e-10 5.10911801988e-09 5.31755138382e-09 7.87542654666e-09
221 1768 2.35221198341e-06 0 0 3.82605301875e-10 5.01630869295e-09 5.81253529181e-09 8.0622460484e-09
222 1776 2.22038043191e-06 0 0 3.49319393476e-10 4.69900692163e-09 5.69860679154e-09 6.62100289843e-09
223 1784 2.55555557192e-06 0 0 3.79023180418e-10 6.38708012854e-09 7.46114682845e-09 8.17165816125e-09
224 1792 2.2902245791e-06 0 0 3.12404093669e-10 6.21114897092e-09 6.65199529974e-09 7.28859093329e-09
225 1800 2.17988650916e-06 0 0 2.93012019542e-10 5.69907495232e-09 5.57406933799e-09 6.80839422228e-09
226 1808 2.38768523918e-06 0 0 3.11505850248e-10 6.13067661385e-09 6.35918594023e-09 7.06627846756e-09
227 1816 2.15072285462e-06 0 0 2.88543716638e-10 5.90710487235e-09 5.79921994452e-09 6.99897557202e-09
228 1824 1.91412621738e-06 0 0 2.59040118759e-10 5.35313376198e-09 4.99383076447e-09 6.13400078078e-09
229 1832 1.98847516242e-06 0 0 3.09706670403e-10 5.79299063356e-09 4.89271295358e-09 6.3739645903e-09
230 1840 1.76164687217e-06 0 0 2.81728981888e-10 4.9846602917e-09 4.19691405829e-09 4.8726682912e-09
231 1848 1.50687973158e-06 0 0 2.33343606383e-10 4.17015845848e-09 3.32015127e-09 4.22380171237e-09
232 1856 1.32031674015e-06 0 0 2.03500879157e-10 3.63656858861e-09 2.66616847015e-09 3.59174620301e-09
233 1864 1.1524631946e-06 0 0 1.60798245888e-10 2.79477071961e-09 2.15422138007e-09 2.75954469731e-09
234 1872 9.50218181223e-07 0 0 1.32438495859e-10 2.22774451628e-09 1.80738382856e-09 2.05657241676e-09
235 1880 9.45783380273e-07 0 0 1.45445671801e-10 2.43983923478e-09 1.86091382635e-09 2.23950954602e-09
236 1888 1.16446137035e-06 0 0 1.75145956648e-10 3.43556952044e-09 2.76860998967e-09 3.42036856507e-09
237 1896 1.30231605212e-06 0 0 1.90127598347e-10 4.00105020783e-09 3.30031010621e-09 4.27931869409e-09
238 1904 1.3940958639e-06 0 0 2.24199655961e-10 4.53828635425e-09 3.72249310357e-09 4.71577074326e-09
239 1912 1.54611260594e-06 0 0 2.52349897256e-10 5.42963445237e-09 4.26555873464e-09 5.90524323903e-09
240 1920 1.54097867605e-06 0 0 2.73545979246e-10 5.8533383318e-09 4.38837777767e-09 6.35840638722e-09
241 1928 1.52052945144e-06 0 0 2.64243843174e-10 5.53663079157e-09 4.17036724207e-09 5.6796244893e-09
242 1936 1.25140256852e-06 0 0 2.01132175568e-10 4.17289099266e-09 3.12732739144e-09 4.45931547184e-09
243 1944 1.42389103875e-06 0 0 2.21292662247e-10 4.94402984957e-09 3.70212089681e-09 5.01478693602e-09
244 1952 1.4450840744e-06 0 0 2.42156080856e-10 4.9050236114e-09 3.34752856141e-09 4.96188279205e-09
245 1960 1.34038457049e-06 0 0 2.20833134771e-10 4.34749147695e-09 3.10866741721e-09 4.09729497698e-09
246 1968 1.32392076992e-06 0 0 2.30359782395e-10 4.89144536363e-09 3.3823796165e-09 4.73631666087e-09
247 1976 1.1852459664e-06 0 0 2.08422268751e-10 4.04935587139e-09 2.64021330538e-09 3.73691460433e-09
248 1984 1.20841163708e-06 0 0 2.15924070828e-10 3.88787463898e-09 2.4701971072e-09 3.63524644688e-09
249 1992 1.36115018475e-06 0 0 2.88103764843e-10 4.85550385894e-09 2.85853365486e-09 4.04863310544e-09
250 2000 1.53521281769e-06 0 0 3.06105662623e-10 4.73568863301e-09 3.0384780155e-09 3.9711632041e-09
251 2008 1.8084041045e-06 0 0 3.53274299444e-10 5.50295288199e-09 3.74572819435e-09 5.13334176793e-09
252 2016 1.54907478743e-06 0 0 2.92713381035e-10 4.54487503122e-09 3.01053764592e-09 4.34083717976e-09
253 2024 1.62303508896e-06 0 0 2.74500709854e-10 5.24300346311e-09 4.075299146e-09 5.31011836337e-09
254 2032 1.46142271017e-06 0 0 2.29148322035e-10 4.33875301023e-09 3.4067384585e-09 4.60416777695e-09
255 2040 1.43861420051e-06 0 0 2.18417646034e-10 3.88741554043e-09 2.95452967058e-09 4.2580650306e-09
256 2048 1.57045279473e-06 0 0 2.2836873057e-10 4.14513349418e-09 3.03870222851e-09 4.7942162987e-09
257 2056 1.54521696923e-06 0 0 2.00405547019e-10 3.64882533251e-09 2.84429426367e-09 4.55149267024e-09
258 2064 1.44229601889e-06 0 0 1.7951099815e-10 3.48780926448e-09 2.50870078349e-09 4.63162379464e-09
259 2072 1.4209087373e-06 0 0 1.83474958065e-10 3.24841828179e-09 2.38790827022e-09 4.18962355495e-09
260 2080 1.45154768841e-06 0 0 1.82391709192e-10 3.11498088178e-09 2.40743787208e-09 4.45009272072e-09
261 2088 1.3512785797e-06 0 0 1.67955740117e-10 2.95039299848e-09 2.24532176775e-09 4.37436757201e-09
262 2096 1.15375686327e-06 0 0 1.36934780468e-10 2.43723852075e-09 1.82630215128e-09 3.62304282107e-09
263 2104 1.21825263238e-06 0 0 1.77632347834e-10 2.94764110753e-09 1.96189615632e-09 3.78232239651e-09
264 2112 1.05097826691e-06 0 0 1.45386799297e-10 2.53388941006e-09 1.61681849342e-09 3.09324685305e-09
265 2120 7.85963343334e-07 0 0 1.01317032352e-10 1.72687110194e-09 1.14093728339e-09 2.11569727553e-09
266 2128 8.77726607451e-07 0 0 1.16274974959e-10 1.84102503916e-09 1.23101120214e-09 2.3650556521e-09
267 2136 9.34658005216e-07 0 0 1.25320530803e-10 2.07301831129e-09 1.3655182588e-09 2.91577369337e-09
268 2144 7.67603441369e-07 0 0 1.04748620454e-10 1.58110877667e-09 9.84879535663e-10 2.20377409946e-09
269 2152 7.8006914441e-07 0 0 9.44656672392e-11 1.6094089015e-09 1.03679925407e-09 2.4181997439e-09
270 2160 7.00019939354e-07 0 0 7.87557872419e-11 1.39869696502e-09 9.48399601502e-10 2.20105849385e-09
271 2168 7.00789433838e-07 0 0 8.39503708096e-11 1.3997536503e-09 8.74934189341e-10 2.13419559296e-09
272 2176 6.50688321702e-07 0 0 7.56660321175e-11 1.24942286139e-09 8.13992106793e-10 1.92784372317e-09
273 2184 6.34346874281e-07 0 0 6.41984422964e-11 1.17443295827e-09 8.18630833404e-10 1.84169291485e-09
274 2192 7.70042619854e-07 0 0 8.40174238391e-11 1.43504601166e-09 9.01990657502e-10 2.44025143472e-09
275 2200 9.64768687152e-07 0 0 1.01327362099e-10 1.78666774261e-09 1.1986866822e-09 3.03487932944e-09
276 2208 7.81725405875e-07 0 0 7.98720523506e-11 1.28964787164e-09 9.05567213327e-10 2.32482508196e-09
277 2216 7.24244609821e-07 0 0 7.26802983257e-11 1.14886640823e-09 7.62686114748e-10 2.19459173551e-09
278 2224 6.74827739594e-07 0 0 6.87519894579e-11 1.05583006377e-09 6.78289680277e-10 1.91546513993e-09
279 2232 5.38667601649e-07 0 0 5.23256821769e-11 8.03981401738e-10 5.0944540221e-10 1.3695837092e-09
280 2240 5.29005003357e-07 0 0 5.43364230117e-11 8.27725628732e-10 5.20492149642e-10 1.27180005108e-09
281 2248 4.57023588567e-07 0 0 4.60914450685e-11 6.9271788002e-10 4.48836975728e-10 1.02507150622e-09
282 2256 4.80752812222e-07 0 0 4.53218535929e-11 6.48855431743e-10 5.09232184878e-10 1.00650682806e-09
283 2264 4.43886492376e-07 0 0 3.93169408383e-11 5.62294018981e-10 4.72472992191e-10 8.84144408135e-10
284 2272 3.5522545158e-07 0 0 3.04005036088e-11 4.30820902325e-10 3.82527578156e-10 6.56722092588e-10
285 2280 3.00289542988e-07 0 0 2.3772851926e-11 3.46693754799e-10 3.1998997752e-10 5.16480976822e-10
286 2288 3.08266741298e-07 0 0 2.47123095556e-11 3.42305186632e-10 3.10932010779e-10 5.08284224597e-10
287 2296 2.8383869478e-07 0 0 2.08622019086e-11 2.77788689153e-10 2.62275755919e-10 4.22845887558e-10
288 2304 2.65648503062e-07 0 0 1.98052951901e-11 2.82041928682e-10 2.33710252731e-10 4.04328915261e-10
289 2312 2.43038617932e-07 0 0 1.84556653776e-11 2.61646365856e-10 2.25139797358e-10 3.41187810041e-10
290 2320 2.47754683704e-07 0 0 2.06976031708e-11 2.73021522759e-10 2.28535774593e-10 3.35287361292e-10
291 2328 2.11826079523e-07 0 0 1.89232945775e-11 2.35128378851e-10 1.95398524734e-10 2.90385536066e-10
292 2336 2.27137310534e-07 0 0 2.15180128398e-11 2.37917693108e-10 2.46196254743e-10 3.02904394951e-10
293 2344 2.30207659127e-07 0 0 2.09558369946e-11 2.34991480113e-10 2.00266840427e-10 2.89084977027e-10
294 2352 2.93324287779e-07 0 0 2.4434277372e-11 3.25469666047e-10 2.56009758157e-10 4.48710121853e-10
295 2360 3.37697753232e-07 0 0 3.10884181056e-11 4.54772598729e-10 3.06998950559e-10 6.08522494999e-10
296 2368 3.00755169917e-07 0 0 2.63032727133e-11 4.02620143e-10 2.62902076631e-10 5.36954742896e-10
297 2376 2.99691987354e-07 0 0 2.44757597105e-11 3.89535308679e-10 2.70948868549e-10 5.14958816085e-10
298 2384 3.06008203724e-07 0 0 2.57907641031e-11 3.83691639303e-10 2.81551068011e-10 5.10425182282e-10
299 2392 2.56311964008e-07 0 0 2.01809202963e-11 3.13856463076e-10 2.36316872539e-10 4.17047073927e-10
300 2400 3.35197060719e-07 0 0 3.00715288273e-11 4.65205872233e-10 3.0338539442e-10 6.17847331378e-10
301 2408 3.86025418799e-07 0 0 3.50494320627e-11 5.50268587898e-10 4.02365013074e-10 7.21269713155e-10
302 2416 4.77347699147e-07 0 0 4.44008727424e-11 6.20365271971e-10 5.50895682389e-10 8.36964709547e-10
303 2424 5.15786596398e-07 0 0 4.49963912696e-11 6.56138658867e-10 5.89582131374e-10 8.76905410172e-10
304 2432 4.7398335905e-07 0 0 3.56706470364e-11 5.6990469182e-10 5.81864230355e-10 7.54937378926e-10
305 2440 4.07453200343e-07 0 0 2.85561268058e-11 4.63683901432e-10 4.82819154398e-10 5.87988124694e-10
306 2448 3.42344279345e-07 0 0 2.49920009071e-11 3.67945618865e-10 3.94181384019e-10 4.70989933039e-10
307 2456 3.03898522152e-07 0 0 2.18688958671e-11 3.04991301764e-10 3.59541872946e-10 3.89586453356e-10
308 2464 2.48801734011e-07 0 0 1.705605362e-11 2.45229610068e-10 2.77626597907e-10 3.12300196891e-10
309 2472 2.76020072716e-07 0 0 1.77248505356e-11 2.63227700562e-10 2.82762607505e-10 3.45527557508e-10
310 2480 2.77649455395e-07 0 0 1.6927136194e-11 2.7309935903e-10 3.00684194028e-10 3.57398576568e-10
311 2488 2.80840143689e-07 0 0 1.65211195408e-11 2.83418428347e-10 2.94406925979e-10 3.62684814755e-10
312 2496 2.58663450206e-07 0 0 1.4466617031e-11 2.62218350935e-10 2.52715202271e-10 3.29217406389e-10
313 2504 2.36535281146e-07 0 0 1.34357193076e-11 2.31697738439e-10 2.27306329727e-10 2.97090307125e-10
314 2512 2.12773437926e-07 0 0 1.16292891484e-11 2.02220890025e-10 1.82259817216e-10 2.58017156553e-10
315 2520 2.70863306927e-07 0 0 1.59816406969e-11 2.48832790747e-10 2.29412009596e-10 3.17413014881e-10
316 2528 3.06525640648e-07 0 0 1.8649305979e-11 2.69066330157e-10 2.71380413897e-10 3.48654451961e-10
317 2536 2.70606186073e-07 0 0 1.59632418894e-11 2.25056753873e-10 2.32671883031e-10 2.98582652862e-10
318 2544 2.35408161512e-07 0 0 1.37713695539e-11 1.7071842654e-10 2.00159675136e-10 2.24948613212e-10
319 2552 2.21235077181e-07 0 0 1.20715928251e-11 1.66873798949e-10 1.90750099331e-10 2.12568833343e-10
320 2560 2.57107724686e-07 0 0 1.3390657363e-11 2.06432987445e-10 2.61934649958e-10 2.43529640967e-10
321 2568 2.11426499019e-07 0 0 9.84843306749e-12 1.71574927176e-10 2.11946811881e-10 1.97196304288e-10
322 2576 2.05592853779e-07 0 0 9.00946103252e-12 1.68008171843e-10 1.94781708503e-10 1.93028607291e-10
323 2584 2.02317776594e-07 0 0 9.55942524884e-12 1.67464673105e-10 1.90819472238e-10 1.89013844867e-10
324 2592 2.031357663e-07 0 0 1.0608775097e-11 1.66251962543e-10 1.7814610571e-10 1.93300980808e-10
325 2600 1.88184150707e-07 0 0 9.27614037463e-12 1.54471560491e-10 1.66382267434e-10 1.79797760728e-10
326 2608 1.48267771005e-07 0 0 7.18354037347e-12 1.23263526344e-10 1.30916887439e-10 1.40218802654e-10
327 2616 1.35001421824e-07 0 0 6.30663994153e-12 1.06484797043e-10 1.21698495041e-10 1.19260810537e-10
328 2624 1.21167171906e-07 0 0 5.6558452811e-12 9.26000966082e-11 1.13654140995e-10 1.04154398234e-10
329 2632 1.19507041925e-07 0 0 5.41566660223e-12 9.81764793314e-11 1.136401635e-10 1.11989134026e-10
330 2640 1.1953678127e-07 0 0 5.71724284782e-12 9.90786943101e-11 1.11467382457e-10 1.1617582725e-10
331 2648 1.23632639731e-07 0 0 5.87391009569e-12 9.7490007123e-11 1.1345710512e-10 1.14636248423e-10
332 2656 1.09915069904e-07 0 0 5.22564162911e-12 8.46609411215e-11 1.00463427337e-10 1.00535214802e-10
333 2664 1.31427806313e-07 0 0 6.54461000648e-12 9.98570900694e-11 1.15123888007e-10 1.20212399822e-10
334 2672 1.30169799477e-07 0 0 6.40454713314e-12 1.014405452e-10 1.10995670065e-10 1.19937464985e-10
335 2680 1.43174577748e-07 0 0 7.61169862208e-12 1.13733694772e-10 1.21020087969e-10 1.36025859278e-10
336 2688 1.34168341034e-07 0 0 6.89960074551e-12 1.01741420683e-10 1.11518780421e-10 1.21010188074e-10
337 2696 1.30550841805e-07 0 0 6.33409715274e-12 9.47984125923e-11 1.12143878333e-10 1.11609424479e-10
338 2704 1.2876595133e-07 0 0 6.70354388265e-12 8.75856651282e-11 1.0832625512e-10 1.05739628756e-10
339 2712 1.11809435702e-07 0 0 5.66736793667e-12 6.97200638747e-11 8.84909828134e-11 8.46854677646e-11
340 2720 1.00906510166e-07 0 0 4.67478039127e-12 6.24986587885e-11 7.59031489117e-11 7.74344304502e-11
341 2728 9.41877968681e-08 0 0 4.36026067805e-12 5.88498810266e-11 6.94654012641e-11 7.34877584175e-11
342 2736 8.53648046012e-08 0 0 3.56127137031e-12 5.08389852114e-11 6.17671130222e-11 6.08758897529e-11
343 2744 9.90835460277e-08 0 0 5.02636770689e-12 6.6895873533e-11 6.96471609246e-11 8.40152160966e-11
344 2752 9.49819529988e-08 0 0 4.76900414694e-12 6.06472815552e-11 6.35088968748e-11 7.57540217036e-11
345 2760 1.00237286626e-07 0 0 4.44861172056e-12 7.05141351838e-11 6.54352406402e-11 8.53059702534e-11
346 2768 1.13556349301e-07 0 0 5.09673084554e-12 8.59379522567e-11 7.45926246725e-11 1.06793769671e-10
347 2776 1.161939353e-07 0 0 4.86301572245e-12 8.91627526138e-11 8.45015608662e-11 1.06076796249e-10
348 2784 1.11850648055e-07 0 0 4.65995123785e-12 9.22470662311e-11 8.64156398712e-11 1.08227054746e-10
349 2792 9.62928321052e-08 0 0 4.05083578334e-12 7.97912398882e-11 7.50906210418e-11 9.34218845368e-11
350 2800 8.60326782183e-08 0 0 3.37608928682e-12 6.27673383245e-11 6.48231686558e-11 7.38824132372e-11
351 2808 7.35848306555e-08 0 0 2.92574696264e-12 4.64784526739e-11 5.26657819126e-11 5.50183818841e-11
352 2816 7.7377202316e-08 0 0 3.04053366453e-12 4.60976238838e-11 5.34660654232e-11 5.6024994571e-11
353 2824 8.33217087598e-08 0 0 3.26781417146e-12 4.79038561646e-11 6.02853233156e-11 5.76638231369e-11
354 2832 1.01685153788e-07 0 0 4.94089718989e-12 5.62846823359e-11 6.67384973337e-11 7.22310288675e-11
355 2840 1.15028131688e-07 0 0 5.70197107969e-12 6.1491292019e-11 8.22133693312e-11 7.73202398523e-11
356 2848 1.33151923831e-07 0 0 6.94054526436e-12 6.8084375262e-11 1.0552191178e-10 8.45311577454e-11
357 2856 1.21640419166e-07 0 0 6.31012599583e-12 6.23063901885e-11 9.178639205e-11 7.82608292011e-11
358 2864 1.12294870156e-07 0 0 5.80595922992e-12 5.65587835743e-11 8.61103040518e-11 7.14795052403e-11
359 2872 8.88543123549e-08 0 0 4.58755046211e-12 3.75192040104e-11 6.44341129194e-11 4.84640916966e-11
360 2880 9.39653886029e-08 0 0 4.54677241298e-12 3.69905632485e-11 6.94208933199e-11 4.59928018414e-11
361 2888 9.69617742811e-08 0 0 4.66424509156e-12 3.59467804548e-11 6.84180307369e-11 4.57474392059e-11
362 2896 8.42788393255e-08 0 0 4.03514081882e-12 3.25825201844e-11 6.075472129e-11 4.10072239113e-11
363 2904 7.42070858465e-08 0 0 3.7382104442e-12 2.78010574344e-11 5.63901601222e-11 3.48273892943e-11
364 2912 6.42228857719e-08 0 0 2.94159170756e-12 2.37765233264e-11 4.72785734199e-11 2.82626216333e-11
365 2920 5.31003868412e-08 0 0 2.30577606382e-12 1.79620733733e-11 3.7124679898e-11 2.15472609252e-11
366 2928 4.85366682522e-08 0 0 2.09833106244e-12 1.55912596897e-11 3.29728877281e-11 1.89249664443e-11
367 2936 4.8985610309e-08 0 0 2.2519240866e-12 1.67299959558e-11 3.78447401327e-11 1.95731190463e-11
368 2944 5.90308760537e-08 0 0 2.4517290235e-12 2.59593902219e-11 4.95869437791e-11 2.87734088342e-11
369 2952 5.2911527587e-08 0 0 2.15028292415e-12 2.4034768366e-11 4.31368553282e-11 2.66452497396e-11
370 2960 6.19593310018e-08 0 0 2.44325192767e-12 2.86949716816e-11 4.2179708701e-11 3.35888372194e-11
371 2968 8.37000216124e-08 0 0 3.15682905809e-12 3.78956549339e-11 5.4605013844e-11 4.42509994864e-11
372 2976 8.97369957645e-08 0 0 3.11255115146e-12 3.92241898334e-11 5.76892027001e-11 4.44626958817e-11
373 2984 8.91846955622e-08 0 0 3.03481178143e-12 3.7383272823e-11 5.23865742796e-11 4.31353176357e-11
374 2992 8.33089092252e-08 0 0 2.94490399239e-12 3.50189859363e-11 5.04573389358e-11 4.10445764946e-11
375 3000 7.75928059642e-08 0 0 2.72946179765e-12 2.78006122958e-11 4.5684963475e-11 3.2124644606e-11
376 3008 6.93208351823e-08 0 0 2.37527503859e-12 2.38924215009e-11 4.21031598456e-11 2.69309890287e-11
377 3016 6.46500546294e-08 0 0 2.29615530633e-12 2.02173127612e-11 3.96854466007e-11 2.27092201085e-11
378 3024 6.011261881e-08 0 0 2.05660792968e-12 2.00032674477e-11 3.70574750569e-11 2.1828802927e-11
379 3032 5.35823542649e-08 0 0 1.80263636119e-12 1.62434832338e-11 3.27907197968e-11 1.76381558149e-11
380 3040 5.89085387816e-08 0 0 1.97053190025e-12 1.65827587433e-11 3.45499871079e-11 1.8648098426e-11
381 3048 7.33427055875e-08 0 0 2.40243853066e-12 2.03461780856e-11 4.20404082602e-11 2.32109262535e-11
382 3056 7.87307020067e-08 0 0 2.43497014415e-12 2.2163725183e-11 4.53074560739e-11 2.52734517727e-11
383 3064 7.66128394398e-08 0 0 2.43679489207e-12 1.8672119023e-11 4.34771326163e-11 2.20051891422e-11
384 3072 7.41737811648e-08 0 0 2.44298708806e-12 1.63735593083e-11 4.37876000713e-11 1.90385198524e-11
385 3080 7.00615818141e-08 0 0 2.33132529736e-12 1.55175180055e-11 4.09448175114e-11 1.87723113915e-11
386 3088 7.1704717454e-08 0 0 2.27404842443e-12 1.43411477219e-11 3.84576119452e-11 1.7993126478e-11
387 3096 8.64375288583e-08 0 0 2.99395325471e-12 1.74454264281e-11 4.84445652758e-11 2.30101784261e-11
388 3104 8.66651113826e-08 0 0 2.92537405965e-12 1.82767877072e-11 4.4843744418e-11 2.44426102324e-11
389 3112 7.39437083885e-08 0 0 2.24665935576e-12 1.5314137624e-11 3.18343928241e-11 2.10178503145e-11
390 3120 6.29300895474e-08 0 0 1.83398292172e-12 1.33103417973e-11 2.59712394729e-11 1.78397603177e-11
391 3128 5.73210543525e-08 0 0 1.60335312656e-12 1.23855312007e-11 2.38622464545e-11 1.61393703109e-11
392 3136 5.32324787665e-08 0 0 1.44358697015e-12 1.08851604116e-11 2.17693188126e-11 1.4183823989e-11
393 3144 4.22211370273e-08 0 0 1.10485748131e-12 8.53459524687e-12 1.64956195413e-11 1.12194668755e-11
394 3152 4.02300391473e-08 0 0 1.01469147144e-12 7.84694363866e-12 1.64328748272e-11 1.00111732417e-11
395 3160 3.83223369316e-08 0 0 9.2985953037e-13 6.97247960538e-12 1.61100474996e-11 8.52464590246e-12
396 3168 3.60848660925e-08 0 0 8.57289587248e-13 6.52209973426e-12 1.51793034706e-11 7.85246667831e-12
397 3176 3.38743636476e-08 0 0 8.24837022384e-13 5.67424245971e-12 1.46697568963e-11 6.52306299504e-12
398 3184 3.22209565103e-08 0 0 8.05161821619e-13 5.1100010659e-12 1.39188720266e-11 6.0249136491e-12
399 3192 2.82668978765e-08 0 0 6.94767163457e-13 4.34895988544e-12 1.22435328969e-11 5.05854749928e-12
400 3200 2.48310152064e-08 0 0 6.19976679174e-13 3.65956055657e-12 1.03546356947e-11 4.46964248917e-12
401 3208 2.15630590226e-08 0 0 5.35198664398e-13 3.13867526185e-12 8.89268961328e-12 3.81445753826e-12
