% # columns="iteration, evaluation, sigma, max axis length,  min axis length, all principle axes lengths  (sorted square roots of eigenvalues of C)", seed=538047, Mon Dec  4 13:05:15 2017
1 8 3.89114353923 1.0000375007 1.0 1.0 1.00001250008 1.00002500031 1.0000375007
2 16 3.83370390768 1.04023598752 0.877197209616 0.877197209616 0.913879739897 0.958755187533 1.04023598752
3 24 4.22868987476 1.07583088256 0.777498817912 0.777498817912 0.850316257288 1.02556993355 1.07583088256
4 32 3.77861305038 1.09281586871 0.83325232854 0.83325232854 0.855204137874 0.961041599411 1.09281586871
5 40 3.1303397904 1.08754829265 0.768793948019 0.768793948019 0.827332250164 0.940741956486 1.08754829265
6 48 3.02470002001 1.04299283498 0.729683276208 0.729683276208 0.80000499788 0.900878211832 1.04299283498
7 56 3.04238466931 1.03992933037 0.665708775073 0.665708775073 0.780837710726 0.957053063294 1.03992933037
8 64 2.99026937568 1.10676810526 0.656534907393 0.656534907393 0.765252217958 0.854524110745 1.10676810526
9 72 2.41714822481 1.11126964068 0.643820619048 0.643820619048 0.707656486561 0.846011561918 1.11126964068
10 80 2.58845061762 1.02282508364 0.593401458469 0.593401458469 0.67581502604 0.821405882558 1.02282508364
11 88 2.88913075282 1.18160498435 0.578949049977 0.578949049977 0.637589452024 0.804038038794 1.18160498435
12 96 2.41600584354 1.37288411452 0.517277746374 0.517277746374 0.60103208833 0.765969074708 1.37288411452
13 104 2.05153414452 1.36222168018 0.511491954612 0.511491954612 0.541767747233 0.741951923224 1.36222168018
14 112 1.65031695919 1.37063998192 0.466113864688 0.466113864688 0.551119099388 0.67485926638 1.37063998192
15 120 1.60049806919 1.25459961931 0.459421502144 0.459421502144 0.543559532058 0.61094115256 1.25459961931
16 128 1.70133227691 1.27380854027 0.425282230232 0.425282230232 0.549953614472 0.595860985649 1.27380854027
17 136 1.83087025842 1.21534319407 0.427096608015 0.427096608015 0.508367587764 0.65695832582 1.21534319407
18 144 1.80468807525 1.37287822663 0.415434940222 0.415434940222 0.46317206484 0.675990867055 1.37287822663
19 152 1.54659639253 1.42002433721 0.35826322281 0.35826322281 0.459393598657 0.690863799305 1.42002433721
20 160 1.61148203449 1.44539851936 0.325639826975 0.325639826975 0.460207519503 0.633575281149 1.44539851936
21 168 1.57741025377 1.45149833476 0.311116222 0.311116222 0.461136069435 0.624172299973 1.45149833476
22 176 1.55229168009 1.33585453336 0.29742998463 0.29742998463 0.466931579785 0.605661451665 1.33585453336
23 184 1.47681354694 1.28726474312 0.276050447746 0.276050447746 0.475225005248 0.599295864012 1.28726474312
24 192 1.3953668987 1.33418167845 0.23908477053 0.23908477053 0.486297049941 0.603855445228 1.33418167845
25 200 1.27856765826 1.22017584974 0.227872448488 0.227872448488 0.495192650811 0.589689642643 1.22017584974
26 208 1.21518550289 1.1575442061 0.225364312319 0.225364312319 0.466487909329 0.580048465089 1.1575442061
27 216 1.13027264567 1.04577501747 0.223469824321 0.223469824321 0.477857985909 0.544614989897 1.04577501747
28 224 0.983938913462 1.00173934252 0.20732070881 0.20732070881 0.462540473044 0.52783357795 1.00173934252
29 232 0.911047851182 0.990157763415 0.170940775216 0.170940775216 0.465581540702 0.517171336568 0.990157763415
30 240 1.06860201143 0.975644827876 0.160434343077 0.160434343077 0.430470925727 0.519324489476 0.975644827876
31 248 1.18033875436 1.04818301897 0.158435614066 0.158435614066 0.40897075747 0.563094733967 1.04818301897
32 256 1.24403501419 1.04518572817 0.135360076165 0.135360076165 0.422519156843 0.571655697312 1.04518572817
33 264 1.00428652525 1.03826464424 0.12129187936 0.12129187936 0.445881733319 0.582330489283 1.03826464424
34 272 0.993682323691 0.936916042403 0.117807811431 0.117807811431 0.419378692063 0.557406130141 0.936916042403
35 280 0.930853729783 0.906986943902 0.109328389211 0.109328389211 0.46472255611 0.518535886731 0.906986943902
36 288 0.804224617546 0.89990112444 0.100551951525 0.100551951525 0.465226488129 0.497245212104 0.89990112444
37 296 0.667531640693 0.761447295757 0.101208336676 0.101208336676 0.459883111872 0.482458708785 0.761447295757
38 304 0.631309520006 0.675265716472 0.0976803549172 0.0976803549172 0.441276933729 0.468412931322 0.675265716472
39 312 0.625807138245 0.605565106111 0.0932147030907 0.0932147030907 0.443046526865 0.475642776433 0.605565106111
40 320 0.556173062889 0.634884920852 0.0853191813752 0.0853191813752 0.396456276722 0.476721971153 0.634884920852
41 328 0.458730478878 0.63917158669 0.0761090793247 0.0761090793247 0.365911659617 0.462402657156 0.63917158669
42 336 0.524115941018 0.596884897132 0.0731279736059 0.0731279736059 0.342697308883 0.436815466314 0.596884897132
43 344 0.512920164989 0.604670269349 0.071193768508 0.071193768508 0.327235654633 0.489508308453 0.604670269349
44 352 0.521929220077 0.564552468417 0.0677813824232 0.0677813824232 0.336668560122 0.470562656421 0.564552468417
45 360 0.470925638912 0.563960279048 0.0656068706872 0.0656068706872 0.301376777485 0.492066996187 0.563960279048
46 368 0.465301919471 0.499565682326 0.0661046923397 0.0661046923397 0.300258377502 0.45425945876 0.499565682326
47 376 0.392483557931 0.519064518749 0.0693411815289 0.0693411815289 0.268979935482 0.42191455528 0.519064518749
48 384 0.321978359554 0.504905209615 0.0632953165837 0.0632953165837 0.254042280423 0.411184952507 0.504905209615
49 392 0.2865852121 0.493125035106 0.0540806103559 0.0540806103559 0.255953138846 0.398975140888 0.493125035106
50 400 0.261290179637 0.486629577494 0.0500199454943 0.0500199454943 0.23948752768 0.38718803729 0.486629577494
51 408 0.216261091278 0.477148598603 0.0435785425639 0.0435785425639 0.242311411295 0.38318522269 0.477148598603
52 416 0.250754989725 0.45833223819 0.0416976307453 0.0416976307453 0.238454189891 0.345840829115 0.45833223819
53 424 0.250101954874 0.437755241838 0.0446424523662 0.0446424523662 0.239309362003 0.35191502086 0.437755241838
54 432 0.276588767263 0.405338111118 0.0440722482619 0.0440722482619 0.238946411048 0.332835271482 0.405338111118
55 440 0.277383156856 0.41041080382 0.0455904161894 0.0455904161894 0.240625488677 0.286335610199 0.41041080382
56 448 0.267661808854 0.393779237062 0.0444151362484 0.0444151362484 0.229569660453 0.276717191837 0.393779237062
57 456 0.23365814788 0.37702377626 0.0397487398314 0.0397487398314 0.228705590373 0.27852776516 0.37702377626
58 464 0.207456406333 0.379634023757 0.0335041843934 0.0335041843934 0.227980076239 0.259152751856 0.379634023757
59 472 0.174397455897 0.347167861033 0.0336076411957 0.0336076411957 0.208100361426 0.252832302906 0.347167861033
60 480 0.152767618527 0.318371792324 0.0337841165422 0.0337841165422 0.200933421194 0.239800368262 0.318371792324
61 488 0.121156313153 0.323882266604 0.0278023465551 0.0278023465551 0.19577025533 0.236450345289 0.323882266604
62 496 0.105733862197 0.312517864685 0.0264009870901 0.0264009870901 0.181363742378 0.220668799715 0.312517864685
63 504 0.0972273399322 0.313231916746 0.0258445532236 0.0258445532236 0.179950740039 0.188142832365 0.313231916746
64 512 0.085234364348 0.290626852563 0.0262348987342 0.0262348987342 0.162123824238 0.193508902025 0.290626852563
65 520 0.0740975511854 0.291464836895 0.0257705052625 0.0257705052625 0.14263976966 0.184135653618 0.291464836895
66 528 0.0639040766401 0.28784456716 0.025299637628 0.025299637628 0.141471490062 0.162065988178 0.28784456716
67 536 0.0559531834361 0.257643925141 0.0237517274422 0.0237517274422 0.138435858822 0.161526983405 0.257643925141
68 544 0.0522675757139 0.24741924956 0.0229712336004 0.0229712336004 0.139729232542 0.143565025464 0.24741924956
69 552 0.0429652235276 0.246330454585 0.0208407915103 0.0208407915103 0.126552783525 0.149991976287 0.246330454585
70 560 0.0366974420073 0.221642590494 0.0206623075577 0.0206623075577 0.11995496141 0.146912931709 0.221642590494
71 568 0.0296012024595 0.226298982764 0.0190423716859 0.0190423716859 0.10853000323 0.146171013568 0.226298982764
72 576 0.0259986112894 0.222536300965 0.0180481862351 0.0180481862351 0.0923143241318 0.142797457869 0.222536300965
73 584 0.0209158252154 0.208766780866 0.0187249895763 0.0187249895763 0.0872279466065 0.130486717175 0.208766780866
74 592 0.0178705212102 0.199183818304 0.018184541181 0.018184541181 0.0790421724515 0.121230700477 0.199183818304
75 600 0.0186702766181 0.184004224533 0.0173332267593 0.0173332267593 0.075541692043 0.115051432679 0.184004224533
76 608 0.0177645709292 0.1755995061 0.0165418387606 0.0165418387606 0.0832458601789 0.112133823435 0.1755995061
77 616 0.0161710301322 0.172414440684 0.0162141528143 0.0162141528143 0.0766475392612 0.107640140354 0.172414440684
78 624 0.0141374837831 0.163766464789 0.0144119990362 0.0144119990362 0.0751968642882 0.108458703092 0.163766464789
79 632 0.0126373206503 0.148773121128 0.0134123334284 0.0134123334284 0.0735161071234 0.108823658555 0.148773121128
80 640 0.0112576883869 0.137752147172 0.0127048112882 0.0127048112882 0.0721639161856 0.104559119614 0.137752147172
81 648 0.00954820028188 0.12543995007 0.012239281416 0.012239281416 0.0740202202225 0.0950428439867 0.12543995007
82 656 0.0078455741008 0.119598262643 0.0124007832694 0.0124007832694 0.0672843719815 0.0863296404946 0.119598262643
83 664 0.00710267976881 0.113207707114 0.0117482763761 0.0117482763761 0.0660880272061 0.0788315881853 0.113207707114
84 672 0.00621296092239 0.103297636258 0.0111549118119 0.0111549118119 0.067429691365 0.0743755638828 0.103297636258
85 680 0.00541738508204 0.10235470723 0.0107328312008 0.0107328312008 0.0643752048981 0.0667976287273 0.10235470723
86 688 0.00474114233349 0.096688988088 0.0106659735835 0.0106659735835 0.0562655504593 0.0655514173072 0.096688988088
87 696 0.00393789699992 0.0954654348047 0.0107037132057 0.0107037132057 0.049503402435 0.0630581290598 0.0954654348047
88 704 0.0040301734902 0.0906192978408 0.00929722739743 0.00929722739743 0.0499258403577 0.0606583817557 0.0906192978408
89 712 0.00408517478903 0.0900813112965 0.00826782467008 0.00826782467008 0.0515727203379 0.0599735994198 0.0900813112965
90 720 0.00348616973161 0.0867960239921 0.00689805870284 0.00689805870284 0.0521535971554 0.0658558147799 0.0867960239921
91 728 0.00342120559799 0.0833862329638 0.00640055100729 0.00640055100729 0.0462363039429 0.064274180958 0.0833862329638
92 736 0.00313098197458 0.0786010684028 0.00613029288323 0.00613029288323 0.0495714802377 0.0590495267024 0.0786010684028
93 744 0.00264073406627 0.07251549429 0.00592004077249 0.00592004077249 0.0508418433527 0.052856917174 0.07251549429
94 752 0.00244009358851 0.0718045831105 0.00585535308299 0.00585535308299 0.0462375241785 0.0503976659021 0.0718045831105
95 760 0.00202892157451 0.0633318279204 0.00568620632004 0.00568620632004 0.0441520726946 0.0526479970115 0.0633318279204
96 768 0.00176792641388 0.0600249732519 0.0052492848065 0.0052492848065 0.0409471424079 0.0527640753977 0.0600249732519
97 776 0.00178838729371 0.0615168400088 0.00503303584363 0.00503303584363 0.0397173484923 0.0451323694666 0.0615168400088
98 784 0.00165874891915 0.0646585671165 0.00475380492249 0.00475380492249 0.0373532728513 0.0428018080512 0.0646585671165
99 792 0.00140412368626 0.0675452047182 0.00434835518859 0.00434835518859 0.0345123553329 0.0398686032368 0.0675452047182
100 800 0.00122511281017 0.06469868911 0.00409954056372 0.00409954056372 0.0350278299969 0.0364976915355 0.06469868911
101 808 0.00107547894674 0.062887905623 0.00403541765991 0.00403541765991 0.0319260978042 0.0353803942956 0.062887905623
102 816 0.000900170096253 0.0618486221685 0.00364937594103 0.00364937594103 0.0306718822324 0.0348385169396 0.0618486221685
103 824 0.000791251682469 0.058764802257 0.00347824077226 0.00347824077226 0.0282417661131 0.0345099654936 0.058764802257
104 832 0.000638023740766 0.0595467204475 0.00337734384059 0.00337734384059 0.0268932039185 0.0311614327487 0.0595467204475
105 840 0.000558874930971 0.0568895131946 0.00330826032024 0.00330826032024 0.0247799827937 0.0286785152333 0.0568895131946
106 848 0.00050513675832 0.0566613115712 0.00319505853974 0.00319505853974 0.0222836648933 0.0280289170571 0.0566613115712
107 856 0.000472584003219 0.0547737486164 0.00301269337417 0.00301269337417 0.02114523653 0.0279628056389 0.0547737486164
108 864 0.000418346922724 0.0546230045572 0.00305403274077 0.00305403274077 0.0224960951448 0.02361114343 0.0546230045572
109 872 0.000349085106845 0.0502741000499 0.00315024543635 0.00315024543635 0.0210178483658 0.0227750385475 0.0502741000499
110 880 0.000300648880117 0.0494156607743 0.002979383879 0.002979383879 0.0196969237217 0.0210487677382 0.0494156607743
111 888 0.000270592542866 0.0442625648577 0.00286483840482 0.00286483840482 0.0190974899782 0.0209955132611 0.0442625648577
112 896 0.000259018873362 0.0410110276814 0.00271752550311 0.00271752550311 0.0182793689981 0.0210044008769 0.0410110276814
113 904 0.000210115224599 0.0384826949815 0.00251519757446 0.00251519757446 0.0176651114523 0.0219099255805 0.0384826949815
114 912 0.000198426629454 0.0377004396806 0.00221113633104 0.00221113633104 0.0166844528449 0.0209836411758 0.0377004396806
115 920 0.000209452370433 0.0354503285587 0.00224744891425 0.00224744891425 0.01578692591 0.0202134509425 0.0354503285587
116 928 0.000172297028899 0.0329759560678 0.00252169002137 0.00252169002137 0.0153163049456 0.0180428194357 0.0329759560678
117 936 0.000157337187763 0.0318287951351 0.00252078589482 0.00252078589482 0.0133027260786 0.0169076602137 0.0318287951351
118 944 0.000125084194971 0.0306078461847 0.00258596589832 0.00258596589832 0.0122451747777 0.0165944819046 0.0306078461847
119 952 0.000108578171159 0.0250683679838 0.00254513856108 0.00254513856108 0.0116894297913 0.0164474025953 0.0250683679838
120 960 0.000102507856201 0.0234129919286 0.002501464462 0.002501464462 0.0107790658195 0.015993475969 0.0234129919286
121 968 9.36481059982e-05 0.0242979606321 0.00231281713114 0.00231281713114 0.0100902003241 0.0153853174062 0.0242979606321
122 976 7.72122355889e-05 0.0229048785458 0.00228552642823 0.00228552642823 0.0103389470087 0.0138874966676 0.0229048785458
123 984 6.62024122599e-05 0.0227426381819 0.00207870386387 0.00207870386387 0.00953973083253 0.0136193603921 0.0227426381819
124 992 6.16481952741e-05 0.021933407621 0.00197797423979 0.00197797423979 0.00923656994495 0.0123457697346 0.021933407621
125 1000 5.59100326853e-05 0.0218319175545 0.00191195541876 0.00191195541876 0.0085426896172 0.0117294207638 0.0218319175545
126 1008 5.25741467586e-05 0.0192523418943 0.00179182071949 0.00179182071949 0.00887542284761 0.0113498847061 0.0192523418943
127 1016 4.84221916218e-05 0.0184954314758 0.00150265397302 0.00150265397302 0.00864004920017 0.0124437144629 0.0184954314758
128 1024 3.89314418589e-05 0.0169214710689 0.00153318429089 0.00153318429089 0.00864205716008 0.011181591559 0.0169214710689
129 1032 3.79972284604e-05 0.0161871992195 0.00140736032081 0.00140736032081 0.00858192120837 0.0107709595822 0.0161871992195
130 1040 3.28216252841e-05 0.0161514465263 0.0013528327801 0.0013528327801 0.00825921601295 0.0106305271424 0.0161514465263
131 1048 3.03423860595e-05 0.0158425454834 0.00120731977074 0.00120731977074 0.00733652274594 0.0109563503299 0.0158425454834
132 1056 2.81897039952e-05 0.0144569637109 0.00124253968423 0.00124253968423 0.00737685756204 0.0105219086033 0.0144569637109
133 1064 2.43665283713e-05 0.0141027023994 0.00115462530357 0.00115462530357 0.00754240956756 0.0107330941353 0.0141027023994
134 1072 1.90158118001e-05 0.0137253373499 0.00108100572556 0.00108100572556 0.00743582493938 0.0093581844776 0.0137253373499
135 1080 1.83304824894e-05 0.0138008162376 0.000985447603742 0.000985447603742 0.0064308157604 0.00899086287023 0.0138008162376
136 1088 1.57172716752e-05 0.0112132537605 0.000977559706845 0.000977559706845 0.00699651285422 0.00889506163267 0.0112132537605
137 1096 1.40358752127e-05 0.0108492494938 0.000973752147781 0.000973752147781 0.00687011958403 0.00765774626294 0.0108492494938
138 1104 1.26371623827e-05 0.0107613413858 0.000961526054446 0.000961526054446 0.00649625735179 0.00712195165769 0.0107613413858
139 1112 9.9887170339e-06 0.0105433335927 0.000929639529192 0.000929639529192 0.00622665561035 0.00667488561036 0.0105433335927
140 1120 8.67087535368e-06 0.00952168182093 0.000906842233244 0.000906842233244 0.00596106191866 0.00629715199361 0.00952168182093
141 1128 8.34765232679e-06 0.00933907257874 0.000865982450057 0.000865982450057 0.00553106449658 0.00618589973653 0.00933907257874
142 1136 8.30189571249e-06 0.00936773639651 0.000685383004516 0.000685383004516 0.00592171080447 0.00645079303103 0.00936773639651
143 1144 8.85725652064e-06 0.00919090433589 0.000696869030159 0.000696869030159 0.00561299420184 0.00638649810818 0.00919090433589
144 1152 8.92715213091e-06 0.00783348676773 0.000797285463598 0.000797285463598 0.00571823877586 0.00608426103538 0.00783348676773
145 1160 8.73766204414e-06 0.0078252533502 0.000738689529737 0.000738689529737 0.00550095261997 0.00650407043972 0.0078252533502
146 1168 8.01903925236e-06 0.00779146023789 0.000743085161791 0.000743085161791 0.00541428463093 0.00699536516256 0.00779146023789
147 1176 6.69647963843e-06 0.00787450252581 0.000765701079497 0.000765701079497 0.0049654414324 0.00687680434008 0.00787450252581
148 1184 6.60038515673e-06 0.00677807381808 0.000725113480197 0.000725113480197 0.00501493971735 0.0067460826388 0.00677807381808
149 1192 5.80664927815e-06 0.00690028919224 0.000711563352395 0.000711563352395 0.00511478587372 0.00650857223495 0.00690028919224
150 1200 5.66271120315e-06 0.0069580444097 0.000694832291891 0.000694832291891 0.00517076555509 0.00560939241244 0.0069580444097
151 1208 6.70026604994e-06 0.00688620462893 0.000730532394628 0.000730532394628 0.00456490647386 0.00554150547292 0.00688620462893
152 1216 6.47886287002e-06 0.00744296806509 0.000692898994584 0.000692898994584 0.00469182100174 0.00571987734081 0.00744296806509
153 1224 5.31701400777e-06 0.00707742065443 0.000761864052907 0.000761864052907 0.00458139653875 0.00544892715784 0.00707742065443
154 1232 5.08784773648e-06 0.00693112194128 0.000722820266016 0.000722820266016 0.00439884485283 0.00488456527531 0.00693112194128
155 1240 5.47529460226e-06 0.00617974002975 0.000708019969593 0.000708019969593 0.00440169946408 0.00511341834123 0.00617974002975
156 1248 4.63507037589e-06 0.00648578497794 0.000662881838888 0.000662881838888 0.00441618101669 0.00492408360764 0.00648578497794
157 1256 4.32337919741e-06 0.0062457223022 0.000677031929981 0.000677031929981 0.0042514768392 0.00486950253445 0.0062457223022
158 1264 3.47814733262e-06 0.00618131351161 0.000699708625592 0.000699708625592 0.00391551182265 0.00470809851494 0.00618131351161
159 1272 3.82588571083e-06 0.00630937505435 0.000657186672598 0.000657186672598 0.00376017089794 0.00432350452713 0.00630937505435
160 1280 3.47994773768e-06 0.0065584507348 0.000604016502503 0.000604016502503 0.00404762263804 0.00496587856219 0.0065584507348
161 1288 2.78376970852e-06 0.00637216990884 0.000600784404263 0.000600784404263 0.00384032232751 0.00449353561839 0.00637216990884
162 1296 2.43906060224e-06 0.00638927280635 0.00058672929167 0.00058672929167 0.00325129019756 0.00459426408415 0.00638927280635
163 1304 2.48574391068e-06 0.00632618441085 0.00056430680038 0.00056430680038 0.00327083566032 0.00411599528986 0.00632618441085
164 1312 2.82036608942e-06 0.00708096410493 0.000525667064653 0.000525667064653 0.00312673399967 0.00393874306509 0.00708096410493
165 1320 3.08121603346e-06 0.00713027372702 0.000492678006891 0.000492678006891 0.00342926714007 0.00400692401058 0.00713027372702
166 1328 2.46994719986e-06 0.0068703388006 0.00049548448098 0.00049548448098 0.00316126592078 0.00423725749475 0.0068703388006
167 1336 2.02958767811e-06 0.00675831911063 0.000475671660151 0.000475671660151 0.00297626455866 0.00399388025077 0.00675831911063
168 1344 2.2120992786e-06 0.00647154520976 0.000397672498678 0.000397672498678 0.00302050083643 0.00396714348465 0.00647154520976
169 1352 2.54009260884e-06 0.00643030842262 0.000380561757822 0.000380561757822 0.00318555586547 0.0040596947452 0.00643030842262
170 1360 2.15211420666e-06 0.00654279543864 0.000398285021387 0.000398285021387 0.00333148055939 0.00359054888403 0.00654279543864
171 1368 2.72196171552e-06 0.00604331452386 0.000394572874892 0.000394572874892 0.00307015683153 0.00347322371469 0.00604331452386
172 1376 3.15576705141e-06 0.00575029711958 0.000389041094914 0.000389041094914 0.00276789792791 0.00477089387333 0.00575029711958
173 1384 3.25044343794e-06 0.0061353227798 0.000380114777161 0.000380114777161 0.00262001935346 0.00484749329989 0.0061353227798
174 1392 3.1724736461e-06 0.00556204242714 0.000380856487219 0.000380856487219 0.00242639715286 0.00508696856411 0.00556204242714
175 1400 3.23648599191e-06 0.00534154432418 0.000343247077771 0.000343247077771 0.00247043203542 0.00499121476054 0.00534154432418
176 1408 3.59575371807e-06 0.00500735677112 0.000347977290578 0.000347977290578 0.00245716474383 0.00488398742461 0.00500735677112
177 1416 3.92140958376e-06 0.00545599847233 0.000328193733582 0.000328193733582 0.00249810413983 0.00473613428206 0.00545599847233
178 1424 3.64810730631e-06 0.00583045550257 0.000326011145294 0.000326011145294 0.00225191673708 0.00479382811699 0.00583045550257
179 1432 3.41309633066e-06 0.00602162650551 0.000316663765521 0.000316663765521 0.00203777513004 0.00451789685603 0.00602162650551
180 1440 2.84250116368e-06 0.00585501564745 0.000319996742852 0.000319996742852 0.00195433958351 0.00421844136063 0.00585501564745
181 1448 2.52038275873e-06 0.00600656289109 0.000286715178869 0.000286715178869 0.00181816769833 0.00410342976925 0.00600656289109
182 1456 2.69116277653e-06 0.00604052214781 0.000257333841098 0.000257333841098 0.00189239955179 0.00379588674087 0.00604052214781
183 1464 2.35480637519e-06 0.00573287714318 0.000247161184953 0.000247161184953 0.00207802925066 0.00362838028745 0.00573287714318
184 1472 2.12918496708e-06 0.00541031167019 0.000228423792388 0.000228423792388 0.00202021703664 0.00344005773489 0.00541031167019
185 1480 2.18606237032e-06 0.00537916010825 0.000204987329138 0.000204987329138 0.0020117368282 0.003271791534 0.00537916010825
186 1488 1.97305257548e-06 0.0053527676889 0.000209811349063 0.000209811349063 0.00201891270991 0.00291632173819 0.0053527676889
187 1496 1.69985039681e-06 0.00521875582579 0.00018032958977 0.00018032958977 0.00209722823241 0.00281817817856 0.00521875582579
188 1504 1.79240395462e-06 0.00540426247319 0.000171809347622 0.000171809347622 0.00194758696799 0.00251568762472 0.00540426247319
189 1512 1.9509849225e-06 0.00562171017336 0.000170322960639 0.000170322960639 0.00202943670952 0.00255113744491 0.00562171017336
190 1520 1.66711580176e-06 0.00647093875954 0.000175543398728 0.000175543398728 0.00191249215435 0.00252111631482 0.00647093875954
191 1528 1.60479115047e-06 0.00553327466672 0.000171498272355 0.000171498272355 0.00191784667579 0.00240938001311 0.00553327466672
192 1536 1.6470527993e-06 0.0053793646845 0.000160406301337 0.000160406301337 0.00190781370353 0.00254716641124 0.0053793646845
193 1544 1.98476555139e-06 0.0054050218363 0.000173885977939 0.000173885977939 0.00179365939348 0.00245980767251 0.0054050218363
194 1552 2.48319510765e-06 0.00576112495517 0.000188020608222 0.000188020608222 0.00165390470085 0.00244568151674 0.00576112495517
195 1560 2.92828755101e-06 0.00610763312138 0.000206443165564 0.000206443165564 0.00157038856433 0.00232247519874 0.00610763312138
196 1568 3.16950078732e-06 0.00690629779844 0.000209250607317 0.000209250607317 0.00156328027932 0.00231159635873 0.00690629779844
197 1576 3.10236778591e-06 0.00720694782787 0.000204295800431 0.000204295800431 0.00168563012886 0.00207069303116 0.00720694782787
198 1584 3.62574714219e-06 0.00690378391428 0.000191550729587 0.000191550729587 0.00164482308349 0.00208165001717 0.00690378391428
199 1592 3.60969199278e-06 0.00672661537276 0.000206497426306 0.000206497426306 0.00140510151468 0.00255041007215 0.00672661537276
200 1600 3.53650015026e-06 0.00638586940831 0.000199270370282 0.000199270370282 0.00131907015714 0.00265052157868 0.00638586940831
201 1608 3.24989392673e-06 0.00624633027242 0.000183754132878 0.000183754132878 0.00134189226355 0.00246886571026 0.00624633027242
202 1616 3.31760470686e-06 0.00549170782074 0.000178898441557 0.000178898441557 0.0013106936296 0.00254951608954 0.00549170782074
203 1624 3.85603692913e-06 0.00586595769121 0.000168839027121 0.000168839027121 0.00127400299686 0.00253813921606 0.00586595769121
204 1632 4.09884381544e-06 0.0059481243831 0.000198956475596 0.000198956475596 0.00119498314976 0.00241737164222 0.0059481243831
205 1640 3.56211969982e-06 0.00612130830932 0.000179153489913 0.000179153489913 0.00112601871538 0.00251766690078 0.00612130830932
206 1648 3.20431259192e-06 0.00604885569928 0.000175055760905 0.000175055760905 0.00105158972714 0.00249049552315 0.00604885569928
207 1656 3.0249013514e-06 0.00569827315669 0.000160475173226 0.000160475173226 0.00103259784968 0.00246776927783 0.00569827315669
208 1664 3.45530266295e-06 0.00559613805379 0.000159857391253 0.000159857391253 0.00100535653207 0.00238743527007 0.00559613805379
209 1672 3.09040137948e-06 0.00552390590832 0.000141100325708 0.000141100325708 0.00107272244369 0.00263021117704 0.00552390590832
210 1680 2.67999565736e-06 0.00517688606317 0.000135956513623 0.000135956513623 0.00110496564209 0.00253906459386 0.00517688606317
211 1688 2.38614847566e-06 0.00486637222156 0.000136975089585 0.000136975089585 0.00104329663438 0.00241361961312 0.00486637222156
212 1696 2.36144451205e-06 0.0046874619998 0.000126078810006 0.000126078810006 0.00105565690903 0.00232152313035 0.0046874619998
213 1704 2.11931655885e-06 0.00436842151419 0.000133905915355 0.000133905915355 0.00103083592766 0.00222064393985 0.00436842151419
214 1712 2.22109112256e-06 0.00408107141856 0.000130854915847 0.000130854915847 0.00102470673957 0.00215158043223 0.00408107141856
215 1720 2.54402925638e-06 0.00370234090858 0.000131473999981 0.000131473999981 0.00112638273692 0.00210289398784 0.00370234090858
216 1728 2.51992059203e-06 0.00460841790219 0.000124628298269 0.000124628298269 0.00109929095769 0.00200329466709 0.00460841790219
217 1736 2.41239874351e-06 0.0041842542185 0.000140312767803 0.000140312767803 0.00109001932441 0.00186664477076 0.0041842542185
218 1744 2.29864701777e-06 0.00414153761135 0.000131146741495 0.000131146741495 0.00100820251919 0.00193710018848 0.00414153761135
219 1752 2.29233222391e-06 0.00392298555211 0.000128943715846 0.000128943715846 0.00101625704867 0.00186735896967 0.00392298555211
220 1760 2.3835750728e-06 0.00382048046581 0.000116204972375 0.000116204972375 0.00105099389403 0.00188808645468 0.00382048046581
221 1768 2.35221198341e-06 0.0039434971176 0.000113435446726 0.000113435446726 0.00101833743746 0.00197958612346 0.0039434971176
222 1776 2.22038043191e-06 0.0041660734428 0.000105414516753 0.000105414516753 0.000933559990186 0.00204689169308 0.0041660734428
223 1784 2.55555557192e-06 0.00394928433477 0.000110222681368 0.000110222681368 0.000931752372452 0.00187220053873 0.00394928433477
224 1792 2.2902245791e-06 0.00452781749098 0.000105160031515 0.000105160031515 0.00091178183372 0.00191664940715 0.00452781749098
225 1800 2.17988650916e-06 0.00462450141648 9.19724901618e-05 9.19724901618e-05 0.000930333392643 0.00191783412596 0.00462450141648
226 1808 2.38768523918e-06 0.00434590688833 8.75598083718e-05 8.75598083718e-05 0.000968159630268 0.00182059203866 0.00434590688833
227 1816 2.15072285462e-06 0.00430488950037 8.37219046346e-05 8.37219046346e-05 0.00109842068263 0.00164798699197 0.00430488950037
228 1824 1.91412621738e-06 0.00467825799994 8.0735434354e-05 8.0735434354e-05 0.00106248725036 0.00154946294071 0.00467825799994
229 1832 1.98847516242e-06 0.00464994126532 7.84946853961e-05 7.84946853961e-05 0.00101630793088 0.00150150684262 0.00464994126532
230 1840 1.76164687217e-06 0.00462672058457 7.32067542573e-05 7.32067542573e-05 0.00108012890137 0.00150401439379 0.00462672058457
231 1848 1.50687973158e-06 0.00422491759783 7.25928791715e-05 7.25928791715e-05 0.00106611101546 0.00153833059136 0.00422491759783
232 1856 1.32031674015e-06 0.00418166581484 6.99040620275e-05 6.99040620275e-05 0.00103859374538 0.00135062704645 0.00418166581484
233 1864 1.1524631946e-06 0.00404438969274 6.64504916441e-05 6.64504916441e-05 0.000926271369348 0.00136698862684 0.00404438969274
234 1872 9.50218181223e-07 0.00350869800975 6.31412589175e-05 6.31412589175e-05 0.000909061438664 0.00140942979502 0.00350869800975
235 1880 9.45783380273e-07 0.00330990513283 5.97297801967e-05 5.97297801967e-05 0.000953640142234 0.00139627114502 0.00330990513283
236 1888 1.16446137035e-06 0.00369399548696 5.7311596541e-05 5.7311596541e-05 0.000920669732743 0.0012885251967 0.00369399548696
237 1896 1.30231605212e-06 0.00453832918136 5.22999871629e-05 5.22999871629e-05 0.000919925186952 0.00124996102963 0.00453832918136
238 1904 1.3940958639e-06 0.00495604653193 4.97304170703e-05 4.97304170703e-05 0.000870256874418 0.0011650276564 0.00495604653193
239 1912 1.54611260594e-06 0.00520595176498 5.32357512097e-05 5.32357512097e-05 0.000839285890969 0.00117747100654 0.00520595176498
240 1920 1.54097867605e-06 0.00570171420007 5.45394384246e-05 5.45394384246e-05 0.00075214932899 0.00121676662982 0.00570171420007
241 1928 1.52052945144e-06 0.00613456861713 5.01790409335e-05 5.01790409335e-05 0.000737163574729 0.00119013992658 0.00613456861713
242 1936 1.25140256852e-06 0.00572195818868 5.00331151382e-05 5.00331151382e-05 0.000802107923598 0.00117349689788 0.00572195818868
243 1944 1.42389103875e-06 0.00531691996192 4.85601017803e-05 4.85601017803e-05 0.000757221262368 0.00111503912745 0.00531691996192
244 1952 1.4450840744e-06 0.00540881036789 5.26476091395e-05 5.26476091395e-05 0.000717176873767 0.00121312859207 0.00540881036789
245 1960 1.34038457049e-06 0.00516435858964 5.11720870626e-05 5.11720870626e-05 0.000787182830275 0.00118840764107 0.00516435858964
246 1968 1.32392076992e-06 0.00481407225696 4.8509302729e-05 4.8509302729e-05 0.000768105758253 0.00122576336785 0.00481407225696
247 1976 1.1852459664e-06 0.00557225621878 4.3488169469e-05 4.3488169469e-05 0.000756351585681 0.00117575295352 0.00557225621878
248 1984 1.20841163708e-06 0.00496500236834 4.13298138799e-05 4.13298138799e-05 0.000766500360226 0.00116845077817 0.00496500236834
249 1992 1.36115018475e-06 0.00464853868545 3.8651388094e-05 3.8651388094e-05 0.000818969979661 0.00115347691519 0.00464853868545
250 2000 1.53521281769e-06 0.00489610914657 3.61399158187e-05 3.61399158187e-05 0.000888197005487 0.00112482054298 0.00489610914657
251 2008 1.8084041045e-06 0.00420827774287 3.65768935904e-05 3.65768935904e-05 0.000921106321809 0.00126654270587 0.00420827774287
252 2016 1.54907478743e-06 0.00436239810859 3.37692743237e-05 3.37692743237e-05 0.00103262898266 0.00124413382125 0.00436239810859
253 2024 1.62303508896e-06 0.00422172336265 3.23348722185e-05 3.23348722185e-05 0.000961562843926 0.00123467076132 0.00422172336265
254 2032 1.46142271017e-06 0.00501091531061 3.00063856116e-05 3.00063856116e-05 0.000887103906391 0.0012552325068 0.00501091531061
255 2040 1.43861420051e-06 0.004695255285 3.15196713093e-05 3.15196713093e-05 0.000851967578679 0.00119413631312 0.004695255285
256 2048 1.57045279473e-06 0.00425906955242 3.10611730629e-05 3.10611730629e-05 0.000898389607591 0.00116431330285 0.00425906955242
257 2056 1.54521696923e-06 0.00423463961705 3.06693237187e-05 3.06693237187e-05 0.000937176052834 0.00111341929745 0.00423463961705
258 2064 1.44229601889e-06 0.00395169111427 2.8555698905e-05 2.8555698905e-05 0.000930408697838 0.00108394265472 0.00395169111427
259 2072 1.4209087373e-06 0.00416435489609 2.87485520021e-05 2.87485520021e-05 0.000884101260072 0.00103770332598 0.00416435489609
260 2080 1.45154768841e-06 0.00385745083133 2.93849359991e-05 2.93849359991e-05 0.000963686524036 0.000975656952651 0.00385745083133
261 2088 1.3512785797e-06 0.00383803898811 2.64742491827e-05 2.64742491827e-05 0.000991957686428 0.00102730487991 0.00383803898811
262 2096 1.15375686327e-06 0.00401742378434 2.26983164227e-05 2.26983164227e-05 0.000935780414907 0.0010036624034 0.00401742378434
263 2104 1.21825263238e-06 0.00387925097779 2.24464177608e-05 2.24464177608e-05 0.000861678263396 0.00102540887098 0.00387925097779
264 2112 1.05097826691e-06 0.00402333266963 2.15424134179e-05 2.15424134179e-05 0.000863827967848 0.0010836800608 0.00402333266963
265 2120 7.85963343334e-07 0.00389993686516 2.0483414369e-05 2.0483414369e-05 0.000871871293516 0.000943931825031 0.00389993686516
266 2128 8.77726607451e-07 0.00356441589519 1.99308562192e-05 1.99308562192e-05 0.000820356204898 0.000904947618657 0.00356441589519
267 2136 9.34658005216e-07 0.00344484311067 1.89381739016e-05 1.89381739016e-05 0.000813936544196 0.00105579112799 0.00344484311067
268 2144 7.67603441369e-07 0.00388769051551 1.70826199243e-05 1.70826199243e-05 0.000755355826172 0.00105769889967 0.00388769051551
269 2152 7.8006914441e-07 0.00352987290724 1.63579386469e-05 1.63579386469e-05 0.000697103702622 0.00109723873897 0.00352987290724
270 2160 7.00019939354e-07 0.00376930978902 1.64375202988e-05 1.64375202988e-05 0.000697491143789 0.000976352428628 0.00376930978902
271 2168 7.00789433838e-07 0.00379357643107 1.54164738576e-05 1.54164738576e-05 0.000630160337687 0.000968737484766 0.00379357643107
272 2176 6.50688321702e-07 0.00366968480291 1.46626581179e-05 1.46626581179e-05 0.000657501444654 0.000968574987687 0.00366968480291
273 2184 6.34346874281e-07 0.00356627273405 1.27228682662e-05 1.27228682662e-05 0.000683175808987 0.000926443409183 0.00356627273405
274 2192 7.70042619854e-07 0.00350365464685 1.2283358507e-05 1.2283358507e-05 0.00068224993999 0.000889516133053 0.00350365464685
275 2200 9.64768687152e-07 0.00369054829522 1.19347924931e-05 1.19347924931e-05 0.000778017328609 0.000820851076593 0.00369054829522
276 2208 7.81725405875e-07 0.00366175217187 1.16536462472e-05 1.16536462472e-05 0.000752289712708 0.000951465309282 0.00366175217187
277 2216 7.24244609821e-07 0.00339410427672 1.10186576487e-05 1.10186576487e-05 0.000733239129751 0.000927798475068 0.00339410427672
278 2224 6.74827739594e-07 0.0033998130449 1.11010396557e-05 1.11010396557e-05 0.000694193198271 0.000881258141785 0.0033998130449
279 2232 5.38667601649e-07 0.0032214553732 1.20320741864e-05 1.20320741864e-05 0.000673248607425 0.00083320608379 0.0032214553732
280 2240 5.29005003357e-07 0.0029261178134 1.2082462501e-05 1.2082462501e-05 0.000630864390455 0.000797342022991 0.0029261178134
281 2248 4.57023588567e-07 0.00285109116245 1.09561914934e-05 1.09561914934e-05 0.000646109813338 0.000812669973541 0.00285109116245
282 2256 4.80752812222e-07 0.00269191512132 1.07444429059e-05 1.07444429059e-05 0.000570231127987 0.000855047050387 0.00269191512132
283 2264 4.43886492376e-07 0.00245718734751 1.02286723695e-05 1.02286723695e-05 0.00054285620394 0.00100154340629 0.00245718734751
284 2272 3.5522545158e-07 0.00233537332731 1.0344666877e-05 1.0344666877e-05 0.000471178095275 0.00101820338219 0.00233537332731
285 2280 3.00289542988e-07 0.00218571499675 9.67006706347e-06 9.67006706347e-06 0.000426729555879 0.00104698660842 0.00218571499675
286 2288 3.08266741298e-07 0.00207508630579 9.35143489623e-06 9.35143489623e-06 0.000407216965082 0.000980322693315 0.00207508630579
287 2296 2.8383869478e-07 0.00198769817571 1.01651586216e-05 1.01651586216e-05 0.000412840994603 0.000924137168858 0.00198769817571
288 2304 2.65648503062e-07 0.00176805665 1.03890080396e-05 1.03890080396e-05 0.000413553853111 0.000859782866092 0.00176805665
289 2312 2.43038617932e-07 0.00184338069298 9.59535915452e-06 9.59535915452e-06 0.000417085597355 0.000807033876276 0.00184338069298
290 2320 2.47754683704e-07 0.00180352151013 9.46447588702e-06 9.46447588702e-06 0.000392546911328 0.000766019382752 0.00180352151013
291 2328 2.11826079523e-07 0.00177140008226 9.36448229657e-06 9.36448229657e-06 0.000341333173555 0.000805726999019 0.00177140008226
292 2336 2.27137310534e-07 0.00177568317736 8.68609471105e-06 8.68609471105e-06 0.00029662434587 0.000853915600702 0.00177568317736
293 2344 2.30207659127e-07 0.00173716467892 8.31310986324e-06 8.31310986324e-06 0.000278431378873 0.00098188392948 0.00173716467892
294 2352 2.93324287779e-07 0.00160662876412 8.32239419017e-06 8.32239419017e-06 0.000322710400862 0.000835783593828 0.00160662876412
295 2360 3.37697753232e-07 0.00190041054863 8.17624681252e-06 8.17624681252e-06 0.000349538048229 0.000778581816835 0.00190041054863
296 2368 3.00755169917e-07 0.0022712704618 7.05790871741e-06 7.05790871741e-06 0.000350590430421 0.000783558833995 0.0022712704618
297 2376 2.99691987354e-07 0.00226553166521 6.301961549e-06 6.301961549e-06 0.000343608678117 0.000707553443911 0.00226553166521
298 2384 3.06008203724e-07 0.0022001134624 6.20839615254e-06 6.20839615254e-06 0.000315506667952 0.000725219761549 0.0022001134624
299 2392 2.56311964008e-07 0.00212255446091 5.41227012377e-06 5.41227012377e-06 0.00030784488389 0.000779768031806 0.00212255446091
300 2400 3.35197060719e-07 0.00208482622122 4.97033926931e-06 4.97033926931e-06 0.000277207352417 0.000761443703843 0.00208482622122
301 2408 3.86025418799e-07 0.0023351795586 4.78146501178e-06 4.78146501178e-06 0.000277520334219 0.000787915842225 0.0023351795586
302 2416 4.77347699147e-07 0.00239767828652 3.86510575768e-06 3.86510575768e-06 0.000275457740822 0.000890516707267 0.00239767828652
303 2424 5.15786596398e-07 0.00221443487434 3.75736052291e-06 3.75736052291e-06 0.000277782130256 0.0010596777133 0.00221443487434
304 2432 4.7398335905e-07 0.00217349711241 3.75893910052e-06 3.75893910052e-06 0.000280005281327 0.00101016908574 0.00217349711241
305 2440 4.07453200343e-07 0.00212209250538 3.67662256334e-06 3.67662256334e-06 0.000267274675243 0.000959430398258 0.00212209250538
306 2448 3.42344279345e-07 0.0019865594745 3.74633780408e-06 3.74633780408e-06 0.000250631719906 0.000881676211813 0.0019865594745
307 2456 3.03898522152e-07 0.0018732865949 3.50796521223e-06 3.50796521223e-06 0.000224486027192 0.00090521157635 0.0018732865949
308 2464 2.48801734011e-07 0.00178594038212 3.09688973495e-06 3.09688973495e-06 0.000228742939041 0.000902006902372 0.00178594038212
309 2472 2.76020072716e-07 0.00173064570698 2.74803608073e-06 2.74803608073e-06 0.000221603178518 0.000867549867559 0.00173064570698
310 2480 2.77649455395e-07 0.00167625093107 3.29179604649e-06 3.29179604649e-06 0.000200932438289 0.000824551119356 0.00167625093107
311 2488 2.80840143689e-07 0.00175361679339 3.17758625835e-06 3.17758625835e-06 0.000206744956519 0.000826470613483 0.00175361679339
312 2496 2.58663450206e-07 0.00177931400725 2.88740383101e-06 2.88740383101e-06 0.000214418541063 0.000759407480629 0.00177931400725
313 2504 2.36535281146e-07 0.00174211752178 2.81368791056e-06 2.81368791056e-06 0.000200765171741 0.000727996678171 0.00174211752178
314 2512 2.12773437926e-07 0.00169677024106 2.85336673298e-06 2.85336673298e-06 0.000184306154907 0.000742145752543 0.00169677024106
315 2520 2.70863306927e-07 0.00162594916102 2.99520564611e-06 2.99520564611e-06 0.000177747335843 0.000659683120311 0.00162594916102
316 2528 3.06525640648e-07 0.00155702038763 3.77054397276e-06 3.77054397276e-06 0.000166723728061 0.000697068158878 0.00155702038763
317 2536 2.70606186073e-07 0.0014942468459 3.63041571526e-06 3.63041571526e-06 0.000159215069971 0.000770512412133 0.0014942468459
318 2544 2.35408161512e-07 0.00142137622296 3.56738538498e-06 3.56738538498e-06 0.000150557994464 0.000780331717919 0.00142137622296
319 2552 2.21235077181e-07 0.00122675405428 3.68090658757e-06 3.68090658757e-06 0.000137653315591 0.000800947334492 0.00122675405428
320 2560 2.57107724686e-07 0.00128631943934 3.69689241194e-06 3.69689241194e-06 0.000126479413125 0.000753578053979 0.00128631943934
321 2568 2.11426499019e-07 0.00140331416942 3.50272046498e-06 3.50272046498e-06 0.000121038944208 0.000773616590361 0.00140331416942
322 2576 2.05592853779e-07 0.00143555550741 3.20637970673e-06 3.20637970673e-06 0.000121190236286 0.000678269603933 0.00143555550741
323 2584 2.02317776594e-07 0.00143180702094 3.23559543747e-06 3.23559543747e-06 0.00011752075631 0.000620427139095 0.00143180702094
324 2592 2.031357663e-07 0.00142587031428 3.00673022287e-06 3.00673022287e-06 0.000120988515962 0.00063402727351 0.00142587031428
325 2600 1.88184150707e-07 0.0013639635178 2.77589922283e-06 2.77589922283e-06 0.000114641586464 0.000688196040653 0.0013639635178
326 2608 1.48267771005e-07 0.00138264216984 2.68348482726e-06 2.68348482726e-06 0.000104962485051 0.000669385275658 0.00138264216984
327 2616 1.35001421824e-07 0.00139409324825 2.39791781725e-06 2.39791781725e-06 9.89380781227e-05 0.000643608991994 0.00139409324825
328 2624 1.21167171906e-07 0.00134606736349 2.50512323795e-06 2.50512323795e-06 9.56692124155e-05 0.000629535917699 0.00134606736349
329 2632 1.19507041925e-07 0.00133447416377 2.37953948651e-06 2.37953948651e-06 8.96020803302e-05 0.000645066118706 0.00133447416377
330 2640 1.1953678127e-07 0.00143766270295 2.25265365342e-06 2.25265365342e-06 9.09205663875e-05 0.00061980441304 0.00143766270295
331 2648 1.23632639731e-07 0.00143504765511 2.12561630665e-06 2.12561630665e-06 8.63188510003e-05 0.00066073810412 0.00143504765511
332 2656 1.09915069904e-07 0.00137360327784 2.11437368743e-06 2.11437368743e-06 9.22350875648e-05 0.000656269606457 0.00137360327784
333 2664 1.31427806313e-07 0.00134945876489 1.90342402997e-06 1.90342402997e-06 9.26450891056e-05 0.000661759051199 0.00134945876489
334 2672 1.30169799477e-07 0.00129141331501 2.44453601167e-06 2.44453601167e-06 8.39698392893e-05 0.000713334707465 0.00129141331501
335 2680 1.43174577748e-07 0.0013042109814 2.54984029616e-06 2.54984029616e-06 8.26375526024e-05 0.000691359461869 0.0013042109814
336 2688 1.34168341034e-07 0.00131600487968 2.84287482607e-06 2.84287482607e-06 7.36590980646e-05 0.000716693830217 0.00131600487968
337 2696 1.30550841805e-07 0.00125900365862 2.55165991673e-06 2.55165991673e-06 7.33461343287e-05 0.000701105043345 0.00125900365862
338 2704 1.2876595133e-07 0.0012329085294 2.48058337807e-06 2.48058337807e-06 7.35721507497e-05 0.00068768991749 0.0012329085294
339 2712 1.11809435702e-07 0.00113221307365 2.29487874023e-06 2.29487874023e-06 7.68673076204e-05 0.000748070869114 0.00113221307365
340 2720 1.00906510166e-07 0.00102455193332 2.14413805634e-06 2.14413805634e-06 7.81901844877e-05 0.000731864930565 0.00102455193332
341 2728 9.41877968681e-08 0.00102907094047 2.16810764417e-06 2.16810764417e-06 7.19917106609e-05 0.000690145824358 0.00102907094047
342 2736 8.53648046012e-08 0.00103696630074 1.96277465714e-06 1.96277465714e-06 7.35323669857e-05 0.000681552977903 0.00103696630074
343 2744 9.90835460277e-08 0.000999503176645 1.98081382196e-06 1.98081382196e-06 7.04962573522e-05 0.00062011069686 0.000999503176645
344 2752 9.49819529988e-08 0.00110133697064 1.99185472803e-06 1.99185472803e-06 6.6695283915e-05 0.000673840564362 0.00110133697064
345 2760 1.00237286626e-07 0.0010279755282 1.97705903054e-06 1.97705903054e-06 6.49344614895e-05 0.000657612375981 0.0010279755282
346 2768 1.13556349301e-07 0.00114904519119 1.95828968888e-06 1.95828968888e-06 6.27504003349e-05 0.00056834691679 0.00114904519119
347 2776 1.161939353e-07 0.00125560705835 1.90339668059e-06 1.90339668059e-06 6.22304393775e-05 0.000556996350278 0.00125560705835
348 2784 1.11850648055e-07 0.00127915663262 1.8231431788e-06 1.8231431788e-06 6.36098648172e-05 0.000559133031715 0.00127915663262
349 2792 9.62928321052e-08 0.00137868639352 1.69674095496e-06 1.69674095496e-06 5.48396625219e-05 0.000557943094737 0.00137868639352
350 2800 8.60326782183e-08 0.00138636542339 1.56282730183e-06 1.56282730183e-06 4.84797167524e-05 0.000559829198968 0.00138636542339
351 2808 7.35848306555e-08 0.00123673359611 1.62870211941e-06 1.62870211941e-06 4.40055987057e-05 0.000554598094438 0.00123673359611
352 2816 7.7377202316e-08 0.00106962106291 1.67653510606e-06 1.67653510606e-06 4.1055445297e-05 0.000571002788965 0.00106962106291
353 2824 8.33217087598e-08 0.00101574580516 1.66304786108e-06 1.66304786108e-06 4.30660437228e-05 0.000569709842539 0.00101574580516
354 2832 1.01685153788e-07 0.00100181793357 1.60590467246e-06 1.60590467246e-06 4.16393924318e-05 0.000573708588781 0.00100181793357
355 2840 1.15028131688e-07 0.00090743636185 1.64178059222e-06 1.64178059222e-06 4.39001314432e-05 0.000647085034421 0.00090743636185
356 2848 1.33151923831e-07 0.000879964353978 1.59666051574e-06 1.59666051574e-06 4.15288511795e-05 0.000689077735418 0.000879964353978
357 2856 1.21640419166e-07 0.00087294963056 1.57163678413e-06 1.57163678413e-06 3.9394542111e-05 0.000729146191429 0.00087294963056
358 2864 1.12294870156e-07 0.000850411082207 1.53060660751e-06 1.53060660751e-06 3.75070325051e-05 0.000723715425334 0.000850411082207
359 2872 8.88543123549e-08 0.000858314192264 1.3881219338e-06 1.3881219338e-06 3.60974210585e-05 0.000715216597082 0.000858314192264
360 2880 9.39653886029e-08 0.000730085307454 1.36159853357e-06 1.36159853357e-06 3.54975046411e-05 0.000685595795329 0.000730085307454
361 2888 9.69617742811e-08 0.000756230181199 1.41309849629e-06 1.41309849629e-06 4.02839937574e-05 0.000607611822506 0.000756230181199
362 2896 8.42788393255e-08 0.000711316444951 1.48352966811e-06 1.48352966811e-06 4.07372362064e-05 0.000593821813058 0.000711316444951
363 2904 7.42070858465e-08 0.00073104929882 1.29263202098e-06 1.29263202098e-06 3.86384110822e-05 0.000610113209699 0.00073104929882
364 2912 6.42228857719e-08 0.000766636007671 1.16123500972e-06 1.16123500972e-06 3.59570825948e-05 0.000592949232345 0.000766636007671
365 2920 5.31003868412e-08 0.000760983364167 1.1397269278e-06 1.1397269278e-06 3.27046331248e-05 0.000542764287651 0.000760983364167
366 2928 4.85366682522e-08 0.000719720870015 1.15488843709e-06 1.15488843709e-06 3.21431324663e-05 0.000500735458896 0.000719720870015
367 2936 4.8985610309e-08 0.000691782857507 1.04505895222e-06 1.04505895222e-06 3.23027649419e-05 0.000488855971709 0.000691782857507
368 2944 5.90308760537e-08 0.000794684071775 8.98772828573e-07 8.98772828573e-07 3.06026452291e-05 0.000492760028462 0.000794684071775
369 2952 5.2911527587e-08 0.000955573308411 8.53017357347e-07 8.53017357347e-07 3.09472709436e-05 0.000473551612926 0.000955573308411
370 2960 6.19593310018e-08 0.000941033656409 9.34794828419e-07 9.34794828419e-07 2.83292344662e-05 0.000489786645693 0.000941033656409
371 2968 8.37000216124e-08 0.000824891564723 1.01758210887e-06 1.01758210887e-06 2.83896417431e-05 0.000540473931579 0.000824891564723
372 2976 8.97369957645e-08 0.000798576303125 1.12345003165e-06 1.12345003165e-06 2.86013827237e-05 0.000522481841862 0.000798576303125
373 2984 8.91846955622e-08 0.000792059188531 1.11134543841e-06 1.11134543841e-06 2.90507335774e-05 0.000472057059803 0.000792059188531
374 2992 8.33089092252e-08 0.000729481440435 1.05810671595e-06 1.05810671595e-06 2.8645749361e-05 0.000472075844287 0.000729481440435
375 3000 7.75928059642e-08 0.000740044221235 9.58603981629e-07 9.58603981629e-07 2.76060061608e-05 0.000488957873662 0.000740044221235
376 3008 6.93208351823e-08 0.000656007883259 1.01501810235e-06 1.01501810235e-06 2.63900759558e-05 0.000465438768503 0.000656007883259
377 3016 6.46500546294e-08 0.000672695945685 1.00217819191e-06 1.00217819191e-06 2.43924138211e-05 0.000432060728052 0.000672695945685
378 3024 6.011261881e-08 0.000650204397614 9.96676925852e-07 9.96676925852e-07 2.34404791153e-05 0.000419448159214 0.000650204397614
379 3032 5.35823542649e-08 0.000672471702745 9.83987125118e-07 9.83987125118e-07 2.00973360814e-05 0.000413733787209 0.000672471702745
380 3040 5.89085387816e-08 0.000653577056291 9.73594844034e-07 9.73594844034e-07 1.92671754945e-05 0.000385176001459 0.000653577056291
381 3048 7.33427055875e-08 0.000610874886687 9.79647337606e-07 9.79647337606e-07 2.14916540557e-05 0.000388491244088 0.000610874886687
382 3056 7.87307020067e-08 0.000597356120848 9.40910282468e-07 9.40910282468e-07 2.51843720395e-05 0.000386367465214 0.000597356120848
383 3064 7.66128394398e-08 0.00061231053255 9.21965056197e-07 9.21965056197e-07 2.41473497704e-05 0.000372714949933 0.00061231053255
384 3072 7.41737811648e-08 0.000585398312512 9.30348212486e-07 9.30348212486e-07 2.46928649334e-05 0.000348790502654 0.000585398312512
385 3080 7.00615818141e-08 0.00060295412339 9.19126737124e-07 9.19126737124e-07 2.372544322e-05 0.000316349273506 0.00060295412339
386 3088 7.1704717454e-08 0.000595177430084 8.11113866915e-07 8.11113866915e-07 2.24624414895e-05 0.000329772849184 0.000595177430084
387 3096 8.64375288583e-08 0.000542216802643 8.9708688569e-07 8.9708688569e-07 2.22882549289e-05 0.000311658721308 0.000542216802643
388 3104 8.66651113826e-08 0.000566055866773 9.2579720935e-07 9.2579720935e-07 2.14369113221e-05 0.000325626255172 0.000566055866773
389 3112 7.39437083885e-08 0.0005262083355 8.72604181245e-07 8.72604181245e-07 2.16395146561e-05 0.000339903897634 0.0005262083355
390 3120 6.29300895474e-08 0.000450149442702 8.81103771458e-07 8.81103771458e-07 2.09913605359e-05 0.000326928284944 0.000450149442702
391 3128 5.73210543525e-08 0.000427361703566 7.21944053688e-07 7.21944053688e-07 2.08687494168e-05 0.000336447444457 0.000427361703566
392 3136 5.32324787665e-08 0.000420896826199 7.26542417915e-07 7.26542417915e-07 1.85956223789e-05 0.000350063342409 0.000420896826199
393 3144 4.22211370273e-08 0.000413537531459 7.14270300884e-07 7.14270300884e-07 1.72900744518e-05 0.000330863359932 0.000413537531459
394 3152 4.02300391473e-08 0.000394796916993 6.66879702209e-07 6.66879702209e-07 1.7304278342e-05 0.000329601554668 0.000394796916993
395 3160 3.83223369316e-08 0.000414560117673 6.3859233765e-07 6.3859233765e-07 1.63478020294e-05 0.000308754040967 0.000414560117673
396 3168 3.60848660925e-08 0.00043068485539 6.11645293787e-07 6.11645293787e-07 1.59012030547e-05 0.000272310684971 0.00043068485539
397 3176 3.38743636476e-08 0.000432910077056 6.06749363002e-07 6.06749363002e-07 1.3897653686e-05 0.00026444982358 0.000432910077056
398 3184 3.22209565103e-08 0.000443497636608 6.18365760814e-07 6.18365760814e-07 1.26427508352e-05 0.000237544919756 0.000443497636608
399 3192 2.82668978765e-08 0.000438490950636 5.57389942921e-07 5.57389942921e-07 1.28706912525e-05 0.000234325506614 0.000438490950636
400 3200 2.48310152064e-08 0.000440402516324 5.20451462607e-07 5.20451462607e-07 1.17839282256e-05 0.000223198303858 0.000440402516324
401 3208 2.15630590226e-08 0.000420992769413 5.12251360713e-07 5.12251360713e-07 1.07521818004e-05 0.000226464938554 0.000420992769413
