% # columns="iteration, evaluation, sigma, axis ratio, bestever, best, median, worst objective function value, further objective values of best", seed=538047, Mon Dec  4 13:05:15 2017, <python>{}</python>
1 8 3.89114353923 1.0000375007 6049.42492932 6.0494249293188877e+03 10156.8008863 11988.2135016   
2 16 3.83370390768 1.18586331114 3950.89073148 3.9508907314787393e+03 7361.110066 8744.1730104   
3 24 4.22868987476 1.38370741893 3398.80275447 3.3988027544718866e+03 4915.72614195 24041.3662256   
4 32 3.77861305038 1.31150652844 3398.80275447 3.4376750992670636e+03 6308.64202028 12229.6472363   
5 40 3.1303397904 1.41461609506 3220.01268856 3.2200126885605641e+03 4234.19840168 6899.05612015   
6 48 3.02470002001 1.42937746963 3220.01268856 3.7034632978726736e+03 4193.94509626 7417.90698218   
7 56 3.04238466931 1.56213853461 3220.01268856 3.9185190064630851e+03 4574.23367434 5457.66913975   
8 64 2.99026937568 1.68577191067 3183.0866735 3.1830866734979445e+03 4956.80076615 9486.89135885   
9 72 2.41714822481 1.7260547547 3183.0866735 3.2680270685086980e+03 4698.71033572 5850.81749962   
10 80 2.58845061762 1.72366459341 3183.0866735 3.2251851584510996e+03 3555.08805504 4345.53144662   
11 88 2.88913075282 2.04094813593 3183.0866735 3.2379928030748765e+03 3573.53473046 4046.43598388   
12 96 2.41600584354 2.65405601564 3183.0866735 3.4261983280210379e+03 3793.69005904 4741.02496888   
13 104 2.05153414452 2.66323188058 3147.09537267 3.1470953726703478e+03 3455.29456332 3974.45046257   
14 112 1.65031695919 2.94056900203 3147.09537267 3.3915937479946706e+03 3558.69321667 4670.35307232   
15 120 1.60049806919 2.73082477301 3147.09537267 3.2361043093917797e+03 3520.4442674 3615.29176001   
16 128 1.70133227691 2.99520753448 3147.09537267 3.1857531563783227e+03 3314.38876396 3561.52617604   
17 136 1.83087025842 2.8455931779 3125.65579298 3.1256557929762976e+03 3233.43090017 3315.21314212   
18 144 1.80468807525 3.30467684278 3116.26783765 3.1162678376501922e+03 3316.44452494 3614.07923983   
19 152 1.54659639253 3.96363412933 3031.94934191 3.0319493419135088e+03 3347.79472719 3643.50493461   
20 160 1.61148203449 4.43864171279 3031.94934191 3.1769721790486915e+03 3239.36051708 3352.39728888   
21 168 1.57741025377 4.66545371831 3031.94934191 3.1017269574940019e+03 3154.27206378 3335.99382261   
22 176 1.55229168009 4.49132435326 3031.94934191 3.0879553288623201e+03 3231.47665046 3322.86956226   
23 184 1.47681354694 4.66315035396 3031.94934191 3.0386202206839880e+03 3198.20971985 4099.7839781   
24 192 1.3953668987 5.58037082618 3031.94934191 3.1567060789972033e+03 3215.32299594 16668.6874714   
25 200 1.27856765826 5.35464404684 2936.49676463 2.9364967646293917e+03 3113.28791053 10434.920533   
26 208 1.21518550289 5.13632435497 2923.31966631 2.9233196663107819e+03 3104.78640331 3994.44435437   
27 216 1.13027264567 4.67971468029 2887.14015448 2.8871401544815753e+03 3097.85614154 3400.42068471   
28 224 0.983938913462 4.83183444756 2865.29841389 2.8652984138868396e+03 3148.038161 3486.9848297   
29 232 0.911047851182 5.79240243977 2849.12728459 2.8491272845870590e+03 2954.79557014 3129.59190545   
30 240 1.06860201143 6.08127168514 2621.73632786 2.6217363278641142e+03 2872.12867589 3209.92710496   
31 248 1.18033875436 6.61582956048 2621.73632786 2.7159330708242401e+03 2835.24655114 3084.46405429   
32 256 1.24403501419 7.72152142483 2621.73632786 2.6593895711690684e+03 2984.88043255 4151.91221135   
33 264 1.00428652525 8.56005076118 2621.73632786 2.6380126311090753e+03 2932.37173813 15262.3709566   
34 272 0.993682323691 7.95291951373 2621.73632786 2.6916777416060172e+03 2910.77196182 3052.72576859   
35 280 0.930853729783 8.29598744154 2621.73632786 2.6499965894178245e+03 2780.53995351 2925.5823943   
36 288 0.804224617546 8.94961371504 2613.22924923 2.6132292492323463e+03 2769.23206173 2904.43461315   
37 296 0.667531640693 7.52356298664 2611.81335803 2.6118133580279964e+03 2930.09579314 6872.22659719   
38 304 0.631309520006 6.91301456721 2537.20022865 2.5372002286487004e+03 2624.45507455 2993.1391738   
39 312 0.625807138245 6.49645480844 2532.76844261 2.5327684426114993e+03 2633.3944477 2718.21948549   
40 320 0.556173062889 7.44129175432 2532.76844261 2.5407370452678160e+03 2636.49865172 2702.94435564   
41 328 0.458730478878 8.3980990489 2532.76844261 2.5392531756683843e+03 2561.80935233 2672.5859844   
42 336 0.524115941018 8.16219659454 2500.56356985 2.5005635698453420e+03 2550.71857119 2583.54114562   
43 344 0.512920164989 8.49330330478 2500.56356985 2.5217920979502919e+03 2610.86352946 2929.69860315   
44 352 0.521929220077 8.32901968409 2500.56356985 2.5123274731684537e+03 2568.86545781 2728.36928721   
45 360 0.470925638912 8.59605515611 2500.56356985 2.5334161958673949e+03 2543.07497308 2559.53968705   
46 368 0.465301919471 7.55718943155 2500.56356985 2.5376729053565527e+03 2562.77180704 2599.17754889   
47 376 0.392483557931 7.48566014169 2500.56356985 2.5106050031113491e+03 2567.15961617 2751.00249568   
48 384 0.321978359554 7.97697581538 2500.56356985 2.5206279163938461e+03 2543.4470027 2853.61294191   
49 392 0.2865852121 9.118333389 2500.56356985 2.5069511701135466e+03 2518.38937737 2567.89582966   
50 400 0.261290179637 9.728710671 2500.56356985 2.5135510777076734e+03 2529.54521769 2599.11005377   
51 408 0.216261091278 10.9491637519 2500.56356985 2.5023104510771577e+03 2521.00705899 2537.70784315   
52 416 0.250754989725 10.9918052896 2493.76451332 2.4937645133176329e+03 2516.13757131 2525.89102573   
53 424 0.250101954874 9.80580632638 2493.76451332 2.4968153116909102e+03 2512.39027241 2525.2261813   
54 432 0.276588767263 9.19712805912 2490.71642955 2.4907164295521320e+03 2501.82716692 2517.48702636   
55 440 0.277383156856 9.00212891488 2490.71642955 2.4953597086933537e+03 2503.49853553 2516.09824963   
56 448 0.267661808854 8.86587929978 2490.71642955 2.4918537081804902e+03 2504.60209518 2529.11945588   
57 456 0.23365814788 9.48517557689 2490.71642955 2.4908924087106725e+03 2494.5336063 2503.10131844   
58 464 0.207456406333 11.3309436009 2489.60584247 2.4896058424694575e+03 2493.28533432 2503.42428971   
59 472 0.174397455897 10.3300275973 2489.60584247 2.4913524233615053e+03 2497.11021841 2505.98605582   
60 480 0.152767618527 9.42371223255 2489.60584247 2.4897783529945696e+03 2491.41493432 2493.58910183   
61 488 0.121156313153 11.649457932 2489.60584247 2.4897491164355542e+03 2492.06624656 2492.77710324   
62 496 0.105733862197 11.8373553087 2489.60584247 2.4899766658779695e+03 2490.56054877 2492.414476   
63 504 0.0972273399322 12.1198425849 2489.60584247 2.4899542939298558e+03 2490.90964466 2492.1658457   
64 512 0.085234364348 11.0778720935 2489.60584247 2.4896279286783097e+03 2490.16233645 2491.02702815   
65 520 0.0740975511854 11.3100163899 2489.60584247 2.4897347218142445e+03 2490.12874307 2490.7281007   
66 528 0.0639040766401 11.3774185778 2489.58683065 2.4895868306532143e+03 2489.7123847 2490.1431381   
67 536 0.0559531834361 10.8473762916 2489.56751681 2.4895675168051775e+03 2489.66130737 2489.79769235   
68 544 0.0522675757139 10.7708298938 2489.49740277 2.4894974027747862e+03 2489.60669341 2490.07402954   
69 552 0.0429652235276 11.8196304811 2489.49740277 2.4895384566337480e+03 2489.61112046 2489.87433746   
70 560 0.0366974420073 10.7269040437 2489.49740277 2.4895179591474821e+03 2489.59351264 2489.68779472   
71 568 0.0296012024595 11.8839704684 2489.49672536 2.4894967253635259e+03 2489.53498268 2489.57865008   
72 576 0.0259986112894 12.3301199393 2489.49672536 2.4895020062741373e+03 2489.52400749 2489.5751462   
73 584 0.0209158252154 11.1490999776 2489.49227581 2.4894922758147727e+03 2489.52242409 2489.53052973   
74 592 0.0178705212102 10.9534695609 2489.49211385 2.4894921138490772e+03 2489.50873456 2489.53577406   
75 600 0.0186702766181 10.6156936091 2489.48836775 2.4894883677541047e+03 2489.49505662 2489.51378848   
76 608 0.0177645709292 10.6154768307 2489.48836775 2.4894890740465994e+03 2489.49919197 2489.50661681   
77 616 0.0161710301322 10.6335768917 2489.48836775 2.4894895325906759e+03 2489.49272255 2489.50149539   
78 624 0.0141374837831 11.363202591 2489.48817853 2.4894881785290740e+03 2489.49487732 2489.49748211   
79 632 0.0126373206503 11.092262351 2489.48817853 2.4894886773369903e+03 2489.49218539 2489.50296353   
80 640 0.0112576883869 10.8425181648 2489.48817853 2.4894882424587054e+03 2489.49017086 2489.49466196   
81 648 0.00954820028188 10.2489636284 2489.48817853 2.4894883926753078e+03 2489.49049909 2489.49334636   
82 656 0.0078455741008 9.64441197342 2489.48814303 2.4894881430303608e+03 2489.48923921 2489.49265601   
83 664 0.00710267976881 9.63611201251 2489.48814303 2.4894882345855053e+03 2489.48860805 2489.48902853   
84 672 0.00621296092239 9.26028264491 2489.48795314 2.4894879531407014e+03 2489.4881789 2489.48941098   
85 680 0.00541738508204 9.53659899385 2489.48794753 2.4894879475315174e+03 2489.48808129 2489.48833726   
86 688 0.00474114233349 9.06518165747 2489.48787231 2.4894878723095562e+03 2489.48800316 2489.48844689   
87 696 0.00393789699992 8.91890813688 2489.48784349 2.4894878434901098e+03 2489.48790881 2489.4881853   
88 704 0.0040301734902 9.74691636195 2489.48779084 2.4894877908419885e+03 2489.48784089 2489.48812117   
89 712 0.00408517478903 10.895406578 2489.48777518 2.4894877751798908e+03 2489.48791042 2489.48799726   
90 720 0.00348616973161 12.5826740147 2489.48775789 2.4894877578856913e+03 2489.48784559 2489.48787777   
91 728 0.00342120559799 13.0279772583 2489.48775258 2.4894877525790175e+03 2489.48785211 2489.48791531   
92 736 0.00313098197458 12.8217476555 2489.48775258 2.4894877704660248e+03 2489.48782312 2489.48799604   
93 744 0.00264073406627 12.2491545374 2489.48775258 2.4894877532098590e+03 2489.48779485 2489.48786978   
94 752 0.00244009358851 12.2630663075 2489.48775098 2.4894877509761209e+03 2489.48778144 2489.48779862   
95 760 0.00202892157451 11.1377998539 2489.48774484 2.4894877448395091e+03 2489.48776432 2489.48780495   
96 768 0.00176792641388 11.4348859825 2489.4877446 2.4894877446016335e+03 2489.48776537 2489.48779593   
97 776 0.00178838729371 12.2226111476 2489.48774347 2.4894877434747959e+03 2489.48774737 2489.48775922   
98 784 0.00165874891915 13.6014346762 2489.48774347 2.4894877449432665e+03 2489.48775086 2489.48775623   
99 792 0.00140412368626 15.5335067603 2489.48774347 2.4894877443722867e+03 2489.48775846 2489.48777271   
100 800 0.00122511281017 15.781936562 2489.48774347 2.4894877446256419e+03 2489.48774605 2489.48774878   
101 808 0.00107547894674 15.5839892975 2489.48774302 2.4894877430216525e+03 2489.48774588 2489.48775244   
102 816 0.000900170096253 16.9477256298 2489.48774302 2.4894877436229326e+03 2489.4877449 2489.48774635   
103 824 0.000791251682469 16.8949782676 2489.48774302 2.4894877430210195e+03 2489.48774545 2489.48774639   
104 832 0.000638023740766 17.6312283434 2489.48774301 2.4894877430119182e+03 2489.48774373 2489.48774641   
105 840 0.000558874930971 17.1962021388 2489.48774301 2.4894877430325087e+03 2489.4877433 2489.48774407   
106 848 0.00050513675832 17.7340448904 2489.48774274 2.4894877427401884e+03 2489.48774299 2489.48774334   
107 856 0.000472584003219 18.1809901685 2489.48774274 2.4894877428139516e+03 2489.48774317 2489.48774385   
108 864 0.000418346922724 17.8855333893 2489.48774274 2.4894877427962097e+03 2489.48774317 2489.48774354   
109 872 0.000349085106845 15.9587883121 2489.48774271 2.4894877427072870e+03 2489.48774292 2489.48774329   
110 880 0.000300648880117 16.5858656626 2489.4877427 2.4894877427023371e+03 2489.48774277 2489.48774297   
111 888 0.000270592542866 15.4502832631 2489.48774267 2.4894877426661710e+03 2489.48774273 2489.48774294   
112 896 0.000259018873362 15.0913129001 2489.48774265 2.4894877426533344e+03 2489.48774273 2489.48774278   
113 904 0.000210115224599 15.3000684209 2489.48774265 2.4894877426522385e+03 2489.48774268 2489.48774274   
114 912 0.000198426629454 17.0502556316 2489.48774265 2.4894877426454245e+03 2489.48774267 2489.48774272   
115 920 0.000209452370433 15.773585924 2489.48774265 2.4894877426492435e+03 2489.48774267 2489.48774276   
116 928 0.000172297028899 13.0769268976 2489.48774265 2.4894877426453900e+03 2489.48774266 2489.4877427   
117 936 0.000157337187763 12.6265365101 2489.48774265 2.4894877426461476e+03 2489.48774266 2489.48774268   
118 944 0.000125084194971 11.8361368201 2489.48774264 2.4894877426425801e+03 2489.48774265 2489.48774266   
119 952 0.000108578171159 9.84951010808 2489.48774264 2.4894877426442658e+03 2489.48774265 2489.48774267   
120 960 0.000102507856201 9.35971399323 2489.48774264 2.4894877426432918e+03 2489.48774265 2489.48774266   
121 968 9.36481059982e-05 10.5057854791 2489.48774264 2.4894877426432536e+03 2489.48774265 2489.48774266   
122 976 7.72122355889e-05 10.0217080244 2489.48774264 2.4894877426434882e+03 2489.48774265 2489.48774265   
123 984 6.62024122599e-05 10.9407783269 2489.48774264 2.4894877426427515e+03 2489.48774264 2489.48774265   
124 992 6.16481952741e-05 11.0888236963 2489.48774264 2.4894877426424982e+03 2489.48774264 2489.48774265   
125 1000 5.59100326853e-05 11.4186331649 2489.48774264 2.4894877426425455e+03 2489.48774264 2489.48774264   
126 1008 5.25741467586e-05 10.7445693003 2489.48774264 2.4894877426425164e+03 2489.48774264 2489.48774264   
127 1016 4.84221916218e-05 12.3085100149 2489.48774264 2.4894877426424309e+03 2489.48774264 2489.48774264   
128 1024 3.89314418589e-05 11.0368147975 2489.48774264 2.4894877426425742e+03 2489.48774264 2489.48774264   
129 1032 3.79972284604e-05 11.5018158322 2489.48774264 2.4894877426425237e+03 2489.48774264 2489.48774264   
130 1040 3.28216252841e-05 11.9389822333 2489.48774264 2.4894877426424428e+03 2489.48774264 2489.48774264   
131 1048 3.03423860595e-05 13.1220790609 2489.48774264 2.4894877426424127e+03 2489.48774264 2489.48774264   
132 1056 2.81897039952e-05 11.6350116574 2489.48774264 2.4894877426424978e+03 2489.48774264 2489.48774264   
133 1064 2.43665283713e-05 12.2140943523 2489.48774264 2.4894877426423545e+03 2489.48774264 2489.48774264   
134 1072 1.90158118001e-05 12.6968220662 2489.48774264 2.4894877426423418e+03 2489.48774264 2489.48774264   
135 1080 1.83304824894e-05 14.0046169732 2489.48774264 2.4894877426423532e+03 2489.48774264 2489.48774264   
136 1088 1.57172716752e-05 11.4706587045 2489.48774264 2.4894877426423413e+03 2489.48774264 2489.48774264   
137 1096 1.40358752127e-05 11.1416950592 2489.48774264 2.4894877426423482e+03 2489.48774264 2489.48774264   
138 1104 1.26371623827e-05 11.191939455 2489.48774264 2.4894877426423382e+03 2489.48774264 2489.48774264   
139 1112 9.9887170339e-06 11.341313769 2489.48774264 2.4894877426423441e+03 2489.48774264 2489.48774264   
140 1120 8.67087535368e-06 10.4998217682 2489.48774264 2.4894877426423323e+03 2489.48774264 2489.48774264   
141 1128 8.34765232679e-06 10.7843670251 2489.48774264 2.4894877426423445e+03 2489.48774264 2489.48774264   
142 1136 8.30189571249e-06 13.667885452 2489.48774264 2.4894877426423518e+03 2489.48774264 2489.48774264   
143 1144 8.85725652064e-06 13.1888546314 2489.48774264 2.4894877426423586e+03 2489.48774264 2489.48774264   
144 1152 8.92715213091e-06 9.82519702839 2489.48774264 2.4894877426423345e+03 2489.48774264 2489.48774264   
145 1160 8.73766204414e-06 10.5934266497 2489.48774264 2.4894877426423382e+03 2489.48774264 2489.48774264   
146 1168 8.01903925236e-06 10.485285723 2489.48774264 2.4894877426423382e+03 2489.48774264 2489.48774264   
147 1176 6.69647963843e-06 10.284042607 2489.48774264 2.4894877426423359e+03 2489.48774264 2489.48774264   
148 1184 6.60038515673e-06 9.34760420705 2489.48774264 2.4894877426423391e+03 2489.48774264 2489.48774264   
149 1192 5.80664927815e-06 9.69736449891 2489.48774264 2.4894877426423268e+03 2489.48774264 2489.48774264   
150 1200 5.66271120315e-06 10.0139911327 2489.48774264 2.4894877426423413e+03 2489.48774264 2489.48774264   
151 1208 6.70026604994e-06 9.42628236553 2489.48774264 2.4894877426423368e+03 2489.48774264 2489.48774264   
152 1216 6.47886287002e-06 10.7417792828 2489.48774264 2.4894877426423250e+03 2489.48774264 2489.48774264   
153 1224 5.31701400777e-06 9.28961095806 2489.48774264 2.4894877426423241e+03 2489.48774264 2489.48774264   
154 1232 5.08784773648e-06 9.5889978009 2489.48774264 2.4894877426423395e+03 2489.48774264 2489.48774264   
155 1240 5.47529460226e-06 8.72820018523 2489.48774264 2.4894877426423236e+03 2489.48774264 2489.48774264   
156 1248 4.63507037589e-06 9.78422487606 2489.48774264 2.4894877426423413e+03 2489.48774264 2489.48774264   
157 1256 4.32337919741e-06 9.22515176261 2489.48774264 2.4894877426423295e+03 2489.48774264 2489.48774264   
158 1264 3.47814733262e-06 8.83412507081 2489.48774264 2.4894877426423404e+03 2489.48774264 2489.48774264   
159 1272 3.82588571083e-06 9.60058278329 2489.48774264 2.4894877426423341e+03 2489.48774264 2489.48774264   
160 1280 3.47994773768e-06 10.8580654794 2489.48774264 2.4894877426423341e+03 2489.48774264 2489.48774264   
161 1288 2.78376970852e-06 10.6064169836 2489.48774264 2.4894877426423323e+03 2489.48774264 2489.48774264   
162 1296 2.43906060224e-06 10.8896434813 2489.48774264 2.4894877426423327e+03 2489.48774264 2489.48774264   
163 1304 2.48574391068e-06 11.2105408026 2489.48774264 2.4894877426423368e+03 2489.48774264 2489.48774264   
164 1312 2.82036608942e-06 13.4704351501 2489.48774264 2.4894877426423282e+03 2489.48774264 2489.48774264   
165 1320 3.08121603346e-06 14.4724822852 2489.48774264 2.4894877426423313e+03 2489.48774264 2489.48774264   
166 1328 2.46994719986e-06 13.8659010813 2489.48774264 2.4894877426423272e+03 2489.48774264 2489.48774264   
167 1336 2.02958767811e-06 14.2079498881 2489.48774264 2.4894877426423332e+03 2489.48774264 2489.48774264   
168 1344 2.2120992786e-06 16.2735548253 2489.48774264 2.4894877426423404e+03 2489.48774264 2489.48774264   
169 1352 2.54009260884e-06 16.8968854344 2489.48774264 2.4894877426423254e+03 2489.48774264 2489.48774264   
170 1360 2.15211420666e-06 16.4274202827 2489.48774264 2.4894877426423241e+03 2489.48774264 2489.48774264   
171 1368 2.72196171552e-06 15.3160921807 2489.48774264 2.4894877426423204e+03 2489.48774264 2489.48774264   
172 1376 3.15576705141e-06 14.7806933374 2489.48774264 2.4894877426423391e+03 2489.48774264 2489.48774264   
173 1384 3.25044343794e-06 16.140711039 2489.48774264 2.4894877426423341e+03 2489.48774264 2489.48774264   
174 1392 3.1724736461e-06 14.6040375149 2489.48774264 2.4894877426423313e+03 2489.48774264 2489.48774264   
175 1400 3.23648599191e-06 15.5618056791 2489.48774264 2.4894877426423373e+03 2489.48774264 2489.48774264   
176 1408 3.59575371807e-06 14.3898952797 2489.48774264 2.4894877426423272e+03 2489.48774264 2489.48774264   
177 1416 3.92140958376e-06 16.6243225085 2489.48774264 2.4894877426423245e+03 2489.48774264 2489.48774264   
178 1424 3.64810730631e-06 17.8842214039 2489.48774264 2.4894877426423468e+03 2489.48774264 2489.48774264   
179 1432 3.41309633066e-06 19.0158368628 2489.48774264 2.4894877426423313e+03 2489.48774264 2489.48774264   
180 1440 2.84250116368e-06 18.297110137 2489.48774264 2.4894877426423323e+03 2489.48774264 2489.48774264   
181 1448 2.52038275873e-06 20.9495810958 2489.48774264 2.4894877426423404e+03 2489.48774264 2489.48774264   
182 1456 2.69116277653e-06 23.473485345 2489.48774264 2.4894877426423441e+03 2489.48774264 2489.48774264   
183 1464 2.35480637519e-06 23.1948926134 2489.48774264 2.4894877426423418e+03 2489.48774264 2489.48774264   
184 1472 2.12918496708e-06 23.6854121614 2489.48774264 2.4894877426423386e+03 2489.48774264 2489.48774264   
185 1480 2.18606237032e-06 26.2414273646 2489.48774264 2.4894877426423391e+03 2489.48774264 2489.48774264   
186 1488 1.97305257548e-06 25.5122886002 2489.48774264 2.4894877426423532e+03 2489.48774264 2489.48774264   
187 1496 1.69985039681e-06 28.9400970325 2489.48774264 2.4894877426423277e+03 2489.48774264 2489.48774264   
188 1504 1.79240395462e-06 31.4549967623 2489.48774264 2.4894877426423336e+03 2489.48774264 2489.48774264   
189 1512 1.9509849225e-06 33.0061792741 2489.48774264 2.4894877426423241e+03 2489.48774264 2489.48774264   
190 1520 1.66711580176e-06 36.8623303778 2489.48774264 2.4894877426423404e+03 2489.48774264 2489.48774264   
191 1528 1.60479115047e-06 32.2643172478 2489.48774264 2.4894877426423363e+03 2489.48774264 2489.48774264   
192 1536 1.6470527993e-06 33.535868851 2489.48774264 2.4894877426423263e+03 2489.48774264 2489.48774264   
193 1544 1.98476555139e-06 31.0837130191 2489.48774264 2.4894877426423236e+03 2489.48774264 2489.48774264   
194 1552 2.48319510765e-06 30.6409228736 2489.48774264 2.4894877426423272e+03 2489.48774264 2489.48774264   
195 1560 2.92828755101e-06 29.5850584575 2489.48774264 2.4894877426423309e+03 2489.48774264 2489.48774264   
196 1568 3.16950078732e-06 33.004911608 2489.48774264 2.4894877426423300e+03 2489.48774264 2489.48774264   
197 1576 3.10236778591e-06 35.2770238677 2489.48774264 2.4894877426423350e+03 2489.48774264 2489.48774264   
198 1584 3.62574714219e-06 36.0415432986 2489.48774264 2.4894877426423382e+03 2489.48774264 2489.48774264   
199 1592 3.60969199278e-06 32.574814578 2489.48774264 2.4894877426423373e+03 2489.48774264 2489.48774264   
200 1600 3.53650015026e-06 32.0462565472 2489.48774264 2.4894877426423441e+03 2489.48774264 2489.48774264   
201 1608 3.24989392673e-06 33.992869573 2489.48774264 2.4894877426423391e+03 2489.48774264 2489.48774264   
202 1616 3.31760470686e-06 30.6973485791 2489.48774264 2.4894877426423395e+03 2489.48774264 2489.48774264   
203 1624 3.85603692913e-06 34.7429015154 2489.48774264 2.4894877426423500e+03 2489.48774264 2489.48774264   
204 1632 4.09884381544e-06 29.896611132 2489.48774264 2.4894877426423277e+03 2489.48774264 2489.48774264   
205 1640 3.56211969982e-06 34.1679545973 2489.48774264 2.4894877426423345e+03 2489.48774264 2489.48774264   
206 1648 3.20431259192e-06 34.5538796781 2489.48774264 2.4894877426423318e+03 2489.48774264 2489.48774264   
207 1656 3.0249013514e-06 35.5087521772 2489.48774264 2.4894877426423304e+03 2489.48774264 2489.48774264   
208 1664 3.45530266295e-06 35.0070647964 2489.48774264 2.4894877426423236e+03 2489.48774264 2489.48774264   
209 1672 3.09040137948e-06 39.1487821208 2489.48774264 2.4894877426423282e+03 2489.48774264 2489.48774264   
210 1680 2.67999565736e-06 38.0775140906 2489.48774264 2.4894877426423313e+03 2489.48774264 2489.48774264   
211 1688 2.38614847566e-06 35.5274249961 2489.48774264 2.4894877426423391e+03 2489.48774264 2489.48774264   
212 1696 2.36144451205e-06 37.1788248921 2489.48774264 2.4894877426423354e+03 2489.48774264 2489.48774264   
213 1704 2.11931655885e-06 32.6230659982 2489.48774264 2.4894877426423318e+03 2489.48774264 2489.48774264   
214 1712 2.22109112256e-06 31.1877577708 2489.48774264 2.4894877426423254e+03 2489.48774264 2489.48774264   
215 1720 2.54402925638e-06 28.1602515258 2489.48774264 2.4894877426423345e+03 2489.48774264 2489.48774264   
216 1728 2.51992059203e-06 36.9772994273 2489.48774264 2.4894877426423250e+03 2489.48774264 2489.48774264   
217 1736 2.41239874351e-06 29.8209085604 2489.48774264 2.4894877426423345e+03 2489.48774264 2489.48774264   
218 1744 2.29864701777e-06 31.5794167979 2489.48774264 2.4894877426423341e+03 2489.48774264 2489.48774264   
219 1752 2.29233222391e-06 30.4240150546 2489.48774264 2.4894877426423286e+03 2489.48774264 2489.48774264   
220 1760 2.3835750728e-06 32.8770825182 2489.48774264 2.4894877426423409e+03 2489.48774264 2489.48774264   
221 1768 2.35221198341e-06 34.7642402037 2489.48774264 2.4894877426423373e+03 2489.48774264 2489.48774264   
222 1776 2.22038043191e-06 39.5208702856 2489.48774264 2.4894877426423295e+03 2489.48774264 2489.48774264   
223 1784 2.55555557192e-06 35.8300513629 2489.48774264 2.4894877426423327e+03 2489.48774264 2489.48774264   
224 1792 2.2902245791e-06 43.0564485932 2489.48774264 2.4894877426423418e+03 2489.48774264 2489.48774264   
225 1800 2.17988650916e-06 50.2813548741 2489.48774264 2.4894877426423323e+03 2489.48774264 2489.48774264   
226 1808 2.38768523918e-06 49.6335815386 2489.48774264 2.4894877426423286e+03 2489.48774264 2489.48774264   
227 1816 2.15072285462e-06 51.4189150278 2489.48774264 2.4894877426423423e+03 2489.48774264 2489.48774264   
228 1824 1.91412621738e-06 57.9455357784 2489.48774264 2.4894877426423395e+03 2489.48774264 2489.48774264   
229 1832 1.98847516242e-06 59.2389311692 2489.48774264 2.4894877426423404e+03 2489.48774264 2489.48774264   
230 1840 1.76164687217e-06 63.2007337507 2489.48774264 2.4894877426423309e+03 2489.48774264 2489.48774264   
231 1848 1.50687973158e-06 58.2001657194 2489.48774264 2.4894877426423336e+03 2489.48774264 2489.48774264   
232 1856 1.32031674015e-06 59.8200690139 2489.48774264 2.4894877426423263e+03 2489.48774264 2489.48774264   
233 1864 1.1524631946e-06 60.8632019519 2489.48774264 2.4894877426423313e+03 2489.48774264 2489.48774264   
234 1872 9.50218181223e-07 55.569022061 2489.48774264 2.4894877426423377e+03 2489.48774264 2489.48774264   
235 1880 9.45783380273e-07 55.4146544978 2489.48774264 2.4894877426423304e+03 2489.48774264 2489.48774264   
236 1888 1.16446137035e-06 64.4545905176 2489.48774264 2.4894877426423304e+03 2489.48774264 2489.48774264   
237 1896 1.30231605212e-06 86.7749578452 2489.48774264 2.4894877426423304e+03 2489.48774264 2489.48774264   
238 1904 1.3940958639e-06 99.6582539198 2489.48774264 2.4894877426423450e+03 2489.48774264 2489.48774264   
239 1912 1.54611260594e-06 97.7905194663 2489.48774264 2.4894877426423259e+03 2489.48774264 2489.48774264   
240 1920 1.54097867605e-06 104.542957624 2489.48774264 2.4894877426423386e+03 2489.48774264 2489.48774264   
241 1928 1.52052945144e-06 122.253604354 2489.48774264 2.4894877426423482e+03 2489.48774264 2489.48774264   
242 1936 1.25140256852e-06 114.363420564 2489.48774264 2.4894877426423327e+03 2489.48774264 2489.48774264   
243 1944 1.42389103875e-06 109.491532493 2489.48774264 2.4894877426423268e+03 2489.48774264 2489.48774264   
244 1952 1.4450840744e-06 102.736106279 2489.48774264 2.4894877426423341e+03 2489.48774264 2489.48774264   
245 1960 1.34038457049e-06 100.921398483 2489.48774264 2.4894877426423259e+03 2489.48774264 2489.48774264   
246 1968 1.32392076992e-06 99.2401866474 2489.48774264 2.4894877426423386e+03 2489.48774264 2489.48774264   
247 1976 1.1852459664e-06 128.132691875 2489.48774264 2.4894877426423350e+03 2489.48774264 2489.48774264   
248 1984 1.20841163708e-06 120.131253984 2489.48774264 2.4894877426423250e+03 2489.48774264 2489.48774264   
249 1992 1.36115018475e-06 120.268350367 2489.48774264 2.4894877426423400e+03 2489.48774264 2489.48774264   
250 2000 1.53521281769e-06 135.476495605 2489.48774264 2.4894877426423332e+03 2489.48774264 2489.48774264   
251 2008 1.8084041045e-06 115.052901703 2489.48774264 2.4894877426423323e+03 2489.48774264 2489.48774264   
252 2016 1.54907478743e-06 129.182465302 2489.48774264 2.4894877426423395e+03 2489.48774264 2489.48774264   
253 2024 1.62303508896e-06 130.562549749 2489.48774264 2.4894877426423418e+03 2489.48774264 2489.48774264   
254 2032 1.46142271017e-06 166.994964854 2489.48774264 2.4894877426423245e+03 2489.48774264 2489.48774264   
255 2040 1.43861420051e-06 148.962698213 2489.48774264 2.4894877426423250e+03 2489.48774264 2489.48774264   
256 2048 1.57045279473e-06 137.118760576 2489.48774264 2.4894877426423432e+03 2489.48774264 2489.48774264   
257 2056 1.54521696923e-06 138.074111314 2489.48774264 2.4894877426423409e+03 2489.48774264 2489.48774264   
258 2064 1.44229601889e-06 138.385375452 2489.48774264 2.4894877426423391e+03 2489.48774264 2489.48774264   
259 2072 1.4209087373e-06 144.854422435 2489.48774264 2.4894877426423354e+03 2489.48774264 2489.48774264   
260 2080 1.45154768841e-06 131.273072415 2489.48774264 2.4894877426423286e+03 2489.48774264 2489.48774264   
261 2088 1.3512785797e-06 144.972533938 2489.48774264 2.4894877426423377e+03 2489.48774264 2489.48774264   
262 2096 1.15375686327e-06 176.992148207 2489.48774264 2.4894877426423386e+03 2489.48774264 2489.48774264   
263 2104 1.21825263238e-06 172.822720272 2489.48774264 2.4894877426423268e+03 2489.48774264 2489.48774264   
264 2112 1.05097826691e-06 186.763320877 2489.48774264 2.4894877426423332e+03 2489.48774264 2489.48774264   
265 2120 7.85963343334e-07 190.394862639 2489.48774264 2.4894877426423327e+03 2489.48774264 2489.48774264   
266 2128 8.77726607451e-07 178.83907525 2489.48774264 2.4894877426423268e+03 2489.48774264 2489.48774264   
267 2136 9.34658005216e-07 181.899433841 2489.48774264 2.4894877426423345e+03 2489.48774264 2489.48774264   
268 2144 7.67603441369e-07 227.581631666 2489.48774264 2.4894877426423318e+03 2489.48774264 2489.48774264   
269 2152 7.8006914441e-07 215.789592041 2489.48774264 2.4894877426423286e+03 2489.48774264 2489.48774264   
270 2160 7.00019939354e-07 229.311338966 2489.48774264 2.4894877426423291e+03 2489.48774264 2489.48774264   
271 2168 7.00789433838e-07 246.072900075 2489.48774264 2.4894877426423232e+03 2489.48774264 2489.48774264   
272 2176 6.50688321702e-07 250.27418449 2489.48774264 2.4894877426423222e+03 2489.48774264 2489.48774264   
273 2184 6.34346874281e-07 280.304146787 2489.48774264 2.4894877426423341e+03 2489.48774264 2489.48774264   
274 2192 7.70042619854e-07 285.235886003 2489.48774264 2.4894877426423404e+03 2489.48774264 2489.48774264   
275 2200 9.64768687152e-07 309.226012714 2489.48774264 2.4894877426423259e+03 2489.48774264 2489.48774264   
276 2208 7.81725405875e-07 314.215147278 2489.48774264 2.4894877426423359e+03 2489.48774264 2489.48774264   
277 2216 7.24244609821e-07 308.032465018 2489.48774264 2.4894877426423327e+03 2489.48774264 2489.48774264   
278 2224 6.74827739594e-07 306.260778301 2489.48774264 2.4894877426423363e+03 2489.48774264 2489.48774264   
279 2232 5.38667601649e-07 267.73898858 2489.48774264 2.4894877426423259e+03 2489.48774264 2489.48774264   
280 2240 5.29005003357e-07 242.178927778 2489.48774264 2.4894877426423341e+03 2489.48774264 2489.48774264   
281 2248 4.57023588567e-07 260.226481452 2489.48774264 2.4894877426423345e+03 2489.48774264 2489.48774264   
282 2256 4.80752812222e-07 250.540222969 2489.48774264 2.4894877426423327e+03 2489.48774264 2489.48774264   
283 2264 4.43886492376e-07 240.225442634 2489.48774264 2.4894877426423432e+03 2489.48774264 2489.48774264   
284 2272 3.5522545158e-07 225.756262148 2489.48774264 2.4894877426423373e+03 2489.48774264 2489.48774264   
285 2280 3.00289542988e-07 226.028938828 2489.48774264 2.4894877426423254e+03 2489.48774264 2489.48774264   
286 2288 3.08266741298e-07 221.900310361 2489.48774264 2.4894877426423259e+03 2489.48774264 2489.48774264   
287 2296 2.8383869478e-07 195.540300914 2489.48774264 2.4894877426423377e+03 2489.48774264 2489.48774264   
288 2304 2.65648503062e-07 170.18531926 2489.48774264 2.4894877426423395e+03 2489.48774264 2489.48774264   
289 2312 2.43038617932e-07 192.11169309 2489.48774264 2.4894877426423345e+03 2489.48774264 2489.48774264   
290 2320 2.47754683704e-07 190.556934336 2489.48774264 2.4894877426423227e+03 2489.48774264 2489.48774264   
291 2328 2.11826079523e-07 189.161560261 2489.48774264 2.4894877426423518e+03 2489.48774264 2489.48774264   
292 2336 2.27137310534e-07 204.428254173 2489.48774264 2.4894877426423413e+03 2489.48774264 2489.48774264   
293 2344 2.30207659127e-07 208.966885738 2489.48774264 2.4894877426423313e+03 2489.48774264 2489.48774264   
294 2352 2.93324287779e-07 193.048866397 2489.48774264 2.4894877426423341e+03 2489.48774264 2489.48774264   
295 2360 3.37697753232e-07 232.430672925 2489.48774264 2.4894877426423327e+03 2489.48774264 2489.48774264   
296 2368 3.00755169917e-07 321.805020826 2489.48774264 2.4894877426423259e+03 2489.48774264 2489.48774264   
297 2376 2.99691987354e-07 359.496269152 2489.48774264 2.4894877426423218e+03 2489.48774264 2489.48774264   
298 2384 3.06008203724e-07 354.377106155 2489.48774264 2.4894877426423286e+03 2489.48774264 2489.48774264   
299 2392 2.56311964008e-07 392.174524251 2489.48774264 2.4894877426423318e+03 2489.48774264 2489.48774264   
300 2400 3.35197060719e-07 419.453503726 2489.48774264 2.4894877426423332e+03 2489.48774264 2489.48774264   
301 2408 3.86025418799e-07 488.381605396 2489.48774264 2.4894877426423327e+03 2489.48774264 2489.48774264   
302 2416 4.77347699147e-07 620.339632818 2489.48774264 2.4894877426423313e+03 2489.48774264 2489.48774264   
303 2424 5.15786596398e-07 589.359168716 2489.48774264 2.4894877426423245e+03 2489.48774264 2489.48774264   
304 2432 4.7398335905e-07 578.220890065 2489.48774264 2.4894877426423304e+03 2489.48774264 2489.48774264   
305 2440 4.07453200343e-07 577.185302224 2489.48774264 2.4894877426423359e+03 2489.48774264 2489.48774264   
306 2448 3.42344279345e-07 530.267044347 2489.48774264 2.4894877426423313e+03 2489.48774264 2489.48774264   
307 2456 3.03898522152e-07 534.00945607 2489.48774264 2.4894877426423332e+03 2489.48774264 2489.48774264   
308 2464 2.48801734011e-07 576.688398674 2489.48774264 2.4894877426423250e+03 2489.48774264 2489.48774264   
309 2472 2.76020072716e-07 629.77546733 2489.48774264 2.4894877426423373e+03 2489.48774264 2489.48774264   
310 2480 2.77649455395e-07 509.22077413 2489.48774264 2.4894877426423313e+03 2489.48774264 2489.48774264   
311 2488 2.80840143689e-07 551.870712804 2489.48774264 2.4894877426423272e+03 2489.48774264 2489.48774264   
312 2496 2.58663450206e-07 616.233167019 2489.48774264 2.4894877426423291e+03 2489.48774264 2489.48774264   
313 2504 2.36535281146e-07 619.15805063 2489.48774264 2.4894877426423363e+03 2489.48774264 2489.48774264   
314 2512 2.12773437926e-07 594.655506933 2489.48774264 2.4894877426423463e+03 2489.48774264 2489.48774264   
315 2520 2.70863306927e-07 542.850592957 2489.48774264 2.4894877426423195e+03 2489.48774264 2489.48774264   
316 2528 3.06525640648e-07 412.943171827 2489.48774264 2.4894877426423336e+03 2489.48774264 2489.48774264   
317 2536 2.70606186073e-07 411.591113277 2489.48774264 2.4894877426423341e+03 2489.48774264 2489.48774264   
318 2544 2.35408161512e-07 398.436409184 2489.48774264 2.4894877426423368e+03 2489.48774264 2489.48774264   
319 2552 2.21235077181e-07 333.274975904 2489.48774264 2.4894877426423377e+03 2489.48774264 2489.48774264   
320 2560 2.57107724686e-07 347.946138541 2489.48774264 2.4894877426423404e+03 2489.48774264 2489.48774264   
321 2568 2.11426499019e-07 400.635501305 2489.48774264 2.4894877426423232e+03 2489.48774264 2489.48774264   
322 2576 2.05592853779e-07 447.718498342 2489.48774264 2.4894877426423373e+03 2489.48774264 2489.48774264   
323 2584 2.02317776594e-07 442.517319798 2489.48774264 2.4894877426423413e+03 2489.48774264 2489.48774264   
324 2592 2.031357663e-07 474.226222039 2489.48774264 2.4894877426423300e+03 2489.48774264 2489.48774264   
325 2600 1.88184150707e-07 491.359162674 2489.48774264 2.4894877426423277e+03 2489.48774264 2489.48774264   
326 2608 1.48267771005e-07 515.241284688 2489.48774264 2.4894877426423377e+03 2489.48774264 2489.48774264   
327 2616 1.35001421824e-07 581.376575219 2489.48774264 2.4894877426423382e+03 2489.48774264 2489.48774264   
328 2624 1.21167171906e-07 537.32580621 2489.48774264 2.4894877426423391e+03 2489.48774264 2489.48774264   
329 2632 1.19507041925e-07 560.811943376 2489.48774264 2.4894877426423318e+03 2489.48774264 2489.48774264   
330 2640 1.1953678127e-07 638.208497238 2489.48774264 2.4894877426423241e+03 2489.48774264 2489.48774264   
331 2648 1.23632639731e-07 675.120740566 2489.48774264 2.4894877426423323e+03 2489.48774264 2489.48774264   
332 2656 1.09915069904e-07 649.650194765 2489.48774264 2.4894877426423327e+03 2489.48774264 2489.48774264   
333 2664 1.31427806313e-07 708.963816594 2489.48774264 2.4894877426423404e+03 2489.48774264 2489.48774264   
334 2672 1.30169799477e-07 528.28565783 2489.48774264 2.4894877426423254e+03 2489.48774264 2489.48774264   
335 2680 1.43174577748e-07 511.487320743 2489.48774264 2.4894877426423409e+03 2489.48774264 2489.48774264   
336 2688 1.34168341034e-07 462.913409908 2489.48774264 2.4894877426423236e+03 2489.48774264 2489.48774264   
337 2696 1.30550841805e-07 493.405743598 2489.48774264 2.4894877426423386e+03 2489.48774264 2489.48774264   
338 2704 1.2876595133e-07 497.023619647 2489.48774264 2.4894877426423286e+03 2489.48774264 2489.48774264   
339 2712 1.11809435702e-07 493.3650976 2489.48774264 2.4894877426423213e+03 2489.48774264 2489.48774264   
340 2720 1.00906510166e-07 477.838602927 2489.48774264 2.4894877426423318e+03 2489.48774264 2489.48774264   
341 2728 9.41877968681e-08 474.640151398 2489.48774264 2.4894877426423332e+03 2489.48774264 2489.48774264   
342 2736 8.53648046012e-08 528.316532399 2489.48774264 2.4894877426423327e+03 2489.48774264 2489.48774264   
343 2744 9.90835460277e-08 504.592186082 2489.48774264 2.4894877426423313e+03 2489.48774264 2489.48774264   
344 2752 9.49819529988e-08 552.920328549 2489.48774264 2.4894877426423277e+03 2489.48774264 2489.48774264   
345 2760 1.00237286626e-07 519.951864016 2489.48774264 2.4894877426423232e+03 2489.48774264 2489.48774264   
346 2768 1.13556349301e-07 586.759557439 2489.48774264 2.4894877426423309e+03 2489.48774264 2489.48774264   
347 2776 1.161939353e-07 659.666516788 2489.48774264 2.4894877426423204e+03 2489.48774264 2489.48774264   
348 2784 1.11850648055e-07 701.621599168 2489.48774264 2.4894877426423409e+03 2489.48774264 2489.48774264   
349 2792 9.62928321052e-08 812.549723331 2489.48774264 2.4894877426423382e+03 2489.48774264 2489.48774264   
350 2800 8.60326782183e-08 887.08804982 2489.48774264 2.4894877426423477e+03 2489.48774264 2489.48774264   
351 2808 7.35848306555e-08 759.336886328 2489.48774264 2.4894877426423368e+03 2489.48774264 2489.48774264   
352 2816 7.7377202316e-08 637.995028582 2489.48774264 2.4894877426423295e+03 2489.48774264 2489.48774264   
353 2824 8.33217087598e-08 610.773645746 2489.48774264 2.4894877426423323e+03 2489.48774264 2489.48774264   
354 2832 1.01685153788e-07 623.833998833 2489.48774264 2.4894877426423268e+03 2489.48774264 2489.48774264   
355 2840 1.15028131688e-07 552.714757472 2489.48774264 2.4894877426423236e+03 2489.48774264 2489.48774264   
356 2848 1.33151923831e-07 551.128023334 2489.48774264 2.4894877426423400e+03 2489.48774264 2489.48774264   
357 2856 1.21640419166e-07 555.43980605 2489.48774264 2.4894877426423218e+03 2489.48774264 2489.48774264   
358 2864 1.12294870156e-07 555.603953383 2489.48774264 2.4894877426423282e+03 2489.48774264 2489.48774264   
359 2872 8.88543123549e-08 618.327663705 2489.48774264 2.4894877426423359e+03 2489.48774264 2489.48774264   
360 2880 9.39653886029e-08 536.197189887 2489.48774264 2.4894877426423254e+03 2489.48774264 2489.48774264   
361 2888 9.69617742811e-08 535.157445275 2489.48774264 2.4894877426423241e+03 2489.48774264 2489.48774264   
362 2896 8.42788393255e-08 479.475712716 2489.48774264 2.4894877426423291e+03 2489.48774264 2489.48774264   
363 2904 7.42070858465e-08 565.550974255 2489.48774264 2.4894877426423323e+03 2489.48774264 2489.48774264   
364 2912 6.42228857719e-08 660.190229586 2489.48774264 2.4894877426423382e+03 2489.48774264 2489.48774264   
365 2920 5.31003868412e-08 667.689203094 2489.48774264 2.4894877426423318e+03 2489.48774264 2489.48774264   
366 2928 4.85366682522e-08 623.195147601 2489.48774264 2.4894877426423313e+03 2489.48774264 2489.48774264   
367 2936 4.8985610309e-08 661.955821761 2489.48774264 2.4894877426423354e+03 2489.48774264 2489.48774264   
368 2944 5.90308760537e-08 884.187913243 2489.48774264 2.4894877426423250e+03 2489.48774264 2489.48774264   
369 2952 5.2911527587e-08 1120.22727343 2489.48774264 2.4894877426423232e+03 2489.48774264 2489.48774264   
370 2960 6.19593310018e-08 1006.67400781 2489.48774264 2.4894877426423382e+03 2489.48774264 2489.48774264   
371 2968 8.37000216124e-08 810.638824652 2489.48774264 2.4894877426423272e+03 2489.48774264 2489.48774264   
372 2976 8.97369957645e-08 710.824941588 2489.48774264 2.4894877426423336e+03 2489.48774264 2489.48774264   
373 2984 8.91846955622e-08 712.702964493 2489.48774264 2.4894877426423241e+03 2489.48774264 2489.48774264   
374 2992 8.33089092252e-08 689.421425491 2489.48774264 2.4894877426423318e+03 2489.48774264 2489.48774264   
375 3000 7.75928059642e-08 772.002031515 2489.48774264 2.4894877426423377e+03 2489.48774264 2489.48774264   
376 3008 6.93208351823e-08 646.301658799 2489.48774264 2.4894877426423295e+03 2489.48774264 2489.48774264   
377 3016 6.46500546294e-08 671.233869501 2489.48774264 2.4894877426423395e+03 2489.48774264 2489.48774264   
378 3024 6.011261881e-08 652.372279069 2489.48774264 2.4894877426423332e+03 2489.48774264 2489.48774264   
379 3032 5.35823542649e-08 683.415143937 2489.48774264 2.4894877426423282e+03 2489.48774264 2489.48774264   
380 3040 5.89085387816e-08 671.302914447 2489.48774264 2.4894877426423268e+03 2489.48774264 2489.48774264   
381 3048 7.33427055875e-08 623.566117353 2489.48774264 2.4894877426423204e+03 2489.48774264 2489.48774264   
382 3056 7.87307020067e-08 634.870435554 2489.48774264 2.4894877426423254e+03 2489.48774264 2489.48774264   
383 3064 7.66128394398e-08 664.136377441 2489.48774264 2.4894877426423222e+03 2489.48774264 2489.48774264   
384 3072 7.41737811648e-08 629.224955404 2489.48774264 2.4894877426423300e+03 2489.48774264 2489.48774264   
385 3080 7.00615818141e-08 656.007598339 2489.48774264 2.4894877426423363e+03 2489.48774264 2489.48774264   
386 3088 7.1704717454e-08 733.777900195 2489.48774264 2.4894877426423473e+03 2489.48774264 2489.48774264   
387 3096 8.64375288583e-08 604.419495249 2489.48774264 2.4894877426423318e+03 2489.48774264 2489.48774264   
388 3104 8.66651113826e-08 611.425332736 2489.48774264 2.4894877426423254e+03 2489.48774264 2489.48774264   
389 3112 7.39437083885e-08 603.032104143 2489.48774264 2.4894877426423272e+03 2489.48774264 2489.48774264   
390 3120 6.29300895474e-08 510.892652244 2489.48774264 2.4894877426423236e+03 2489.48774264 2489.48774264   
391 3128 5.73210543525e-08 591.959586595 2489.48774264 2.4894877426423213e+03 2489.48774264 2489.48774264   
392 3136 5.32324787665e-08 579.314869745 2489.48774264 2.4894877426423295e+03 2489.48774264 2489.48774264   
393 3144 4.22211370273e-08 578.965037391 2489.48774264 2.4894877426423350e+03 2489.48774264 2489.48774264   
394 3152 4.02300391473e-08 592.006197947 2489.48774264 2.4894877426423286e+03 2489.48774264 2489.48774264   
395 3160 3.83223369316e-08 649.178033046 2489.48774264 2.4894877426423473e+03 2489.48774264 2489.48774264   
396 3168 3.60848660925e-08 704.141533933 2489.48774264 2.4894877426423495e+03 2489.48774264 2489.48774264   
397 3176 3.38743636476e-08 713.490781291 2489.48774264 2.4894877426423404e+03 2489.48774264 2489.48774264   
398 3184 3.22209565103e-08 717.209238793 2489.48774264 2.4894877426423232e+03 2489.48774264 2489.48774264   
399 3192 2.82668978765e-08 786.686154289 2489.48774264 2.4894877426423277e+03 2489.48774264 2489.48774264   
400 3200 2.48310152064e-08 846.193253292 2489.48774264 2.4894877426423309e+03 2489.48774264 2489.48774264   
401 3208 2.15630590226e-08 821.848025601 2489.48774264 2.4894877426423318e+03 2489.48774264 2489.48774264   
